tree
version=v4
num_class=1
num_tree_per_iteration=1
label_index=0
max_feature_idx=58
objective=binary sigmoid:1
feature_names=rsi_window_5 rsi_window_14 mfi_21 obv volume_threshold_ma_10 volume_threshold_ma_20 efi_zscore_10 efi_zscore_20 ema_10_distance ema_20_distance ema_50_distance ema_200_distance kf_distance zscore_kf_10 zscore_kf_20 vwap_distance_highest vwap_distance_lowest mrs_10 mrs_20 rs_10 rs_20 msr_rank_10 msr_rank_20 zscore_10_log_return zscore_20_log_return yz_vol_10 yz_vol_20 dc_tmv yz_vol_zscore_10 yz_vol_zscore_20 yz_vol_accel mrs_overext_ratio ema_near_far_ratio rsi_rank_14 vol_spike close_position dist_20d_high dist_60d_high rv_20 vol_pctile atr_pct range_pos_60 dist_from_high_60 trend_20 sma_alignment vol_zscore dollar_vol_pctile rs_vnindex corr_vnindex beta_60d gkyz_vol_10 gkyz_vol_20 vnindex_gkyz_vol_10 vnindex_gkyz_vol_20 dow_sin dow_cos month_sin month_cos is_quarter_end
feature_infos=[-3.7907507618520078:2.3155516369322791] [-4.3125300565640812:4.0979770480787661] [-3.0915448958616243:3.3247989868660839] [-0.34993467078698609:29.135301097201516] [-10.696341321240293:1.1464384825930933] [-10.574971784473435:1.502066813979883] [-1.0943978322390573:87.79310569877714] [-2.048236391703091:40.361004481699659] [-7.6074267231033446:8.319482313315163] [-11.275611229023708:7.2063929507134175] [-10.868842711993961:5.8428508225990434] [-7.3131709958509088:4.9576129835715221] [-11.279853299920438:7.2052021574474603] [-0.024368215073822558:62.462191023376832] [-0.024434568824264515:58.069555969992614] [-7.481835304215811:3.3311320156983606] [-5.5996863728780699:7.9783810054753088] [-4.5839985010153006:9.8299235162004024] [-7.6836540819020307:8.7432075927139898] [-5.5133351037357201:9.4056085481797727] [-6.5952765769925179:13.646695432420451] [-2.9799848075567645:1.3707310678407325] [-1.9754103501102005:1.6578487835573186] [-4.8926570747204607:25.427115409997526] [-5.9591074683560139:9.7736876758970546] [-1.8474651608225616:9.0853494416935003] [-1.9988632638614263:9.9628687429392269] [-2.5599854886514408:42.290379041412393] [-6.3092789595974343:6.4799219019982868] [-4.45315261727555:6.1616750843676593] [-5.7931765057768594:2.6339513890812416] [-6.8056807202563823:76.807551772082661] [-2.5742332564528496:107.58683842340996] [-2.0423899259265834:1.711273002591811] [-10.807975797401657:0.83475217291433956] [-1.8098293920245143:1.2477392188930068] [-10.613851903781409:0.84762696055509068] [-10.459621102888006:0.95813743718496036] [-1.9521159130446533:10.676085232480148] [-1.5688404957714641:1.6004838377323527] [-2.1521869447583835:7.046273805838096] [-1.8530471542422042:1.9011500197002265] [-10.087597181629285:1.0631713975285775] [-8.8151765824778892:6.6668833850531941] [-1.9643372229231923:1.1859199636733224] [-3.6699407565360591:3.2967655404577263] [-1.7814648183849213:1.7451944565118223] [-7.0723292900107806:10.084717562698227] [-3.5403879262065181:2.1467022072027175] [-6.5851823576971551:4.0674050907368917] [-0.97792945465316827:1.4579261418778597] [-1.2730909767905094:1.1502913474791645] [-0.93860073037148228:1.57282833806509] [-1.2978877901489252:1.0646751109708903] [-1.3579090679542973:1.3257458403153515] [-1.1311614270841153:1.4339087171218576] [-1.3986735191627226:1.4851639891515815] [-1.427338499901406:1.3530775071021939] [-0.34277344518858005:2.9173788519406472]
tree_sizes=781 692 897 996 898 888 998 1004 987 1012 1002 1011 1002 1002 1013 995 1018 1008 1004 689 692 1015 1012 906 699 1017 795 902 996 895 901 1009 1016 794 1008 690 1019 900 1010 792 1005 1001

Tree=0
num_leaves=6
num_cat=0
split_feature=0 39 48 8 22
split_gain=319.225 225.732 243.593 134.988 5.22784
threshold=-2.2300912675189397 1.2923550830861485 0.61923887620838303 -0.40535520868218927 -0.5127906475825067
decision_type=2 2 2 2 2
left_child=4 3 -3 -2 -1
right_child=1 2 -4 -5 -6
leaf_value=-0.7464564029599976 -0.61784918211976458 -0.55450025931599534 -0.32432079901187039 -0.54740341470142062 -0.82905291508401091
leaf_weight=26.719443842768669 1258.5484121888876 303.09284059330821 221.48293218016624 1899.3913851436228 115.27966226637363
leaf_count=109 5782 1298 1066 9452 288
internal_value=-0.568109 -0.558645 -0.457306 -0.575477 -0.813547
internal_weight=3824.51 3682.52 524.576 3157.94 141.999
internal_count=17995 17598 2364 15234 397
is_linear=0
shrinkage=1


Tree=1
num_leaves=5
num_cat=0
split_feature=25 48 16 39
split_gain=248.713 172.658 169.376 118.021
threshold=-1.7912434223823863 0.99294219164174069 0.023209683159658229 1.4181219217172523
decision_type=2 2 2 2
left_child=-1 2 -2 -3
right_child=1 3 -4 -5
leaf_value=-0.24047452530623722 -0.040320689772040522 0.055308672250010051 0.038911927523758431 0.24998405497512916
leaf_weight=116.19800597429276 1854.7453256156296 481.31806455180049 1261.4997082538903 105.73141534999013
leaf_count=332 8657 2519 5996 491
internal_value=-0.000151193 0.00738804 -0.00824458 0.0903796
internal_weight=3819.49 3703.29 3116.25 587.049
internal_count=17995 17663 14653 3010
is_linear=0
shrinkage=0.166822


Tree=2
num_leaves=7
num_cat=0
split_feature=38 25 48 41 33 22
split_gain=196.093 143.015 112.13 83.1085 1.22714 0.111921
threshold=-1.5634774233665316 0.26500950292280318 -0.18706709336615723 0.97269277000847176 -1.594837807526313 -0.27057337200467213
decision_type=2 2 2 2 2 2
left_child=4 3 -3 -2 5 -1
right_child=1 2 -4 -5 -6 -7
leaf_value=-0.20601865621456561 -0.034207141144839075 -0.017578334776465233 0.08786487303317661 0.038285005815960067 -0.1754450062894628 -0.22419413699642443
leaf_weight=20.67620013654232 1859.1391347311437 423.56902846507728 831.47318536788225 576.56464894860983 22.202517503872514 75.134720742702484
leaf_count=103 9077 1837 3871 2812 74 221
internal_value=-0.00024164 0.00652565 0.0522744 -0.0170452 -0.211925 -0.220325
internal_weight=3808.76 3690.75 1255.04 2435.7 118.013 95.8109
internal_count=17995 17597 5708 11889 398 324
is_linear=0
shrinkage=0.166822


Tree=3
num_leaves=8
num_cat=0
split_feature=53 1 15 22 58 42 22
split_gain=288.504 147.006 124.709 34.9454 23.8565 4.8523 3.40702
threshold=1.0646751109653352 -1.9303155277928381 -3.269256896424181 0.083436492301393647 1.0000000180025095e-35 -0.28560074646573869 -0.84816841376720076
decision_type=2 2 2 2 2 2 2
left_child=1 6 -3 5 -5 -2 -1
right_child=3 2 -4 4 -6 -7 -8
leaf_value=-0.13197757805481777 0.34169619507124466 0.23569390661205972 -0.0079223376011262978 0.19845116697496137 -0.018652392713683675 0.24943065544367207 -0.21375163538994871
leaf_weight=17.211523443460464 46.759026162326336 59.47751047462225 3476.6602134872228 62.090596809983253 18.16479229927063 24.864689189940691 91.424329448491335
leaf_count=78 219 275 16628 309 43 126 317
internal_value=-0.000308378 -0.00969704 -0.0038233 0.224966 0.149249 0.309737 -0.200843
internal_weight=3796.65 3644.77 3536.14 151.879 80.2554 71.6237 108.636
internal_count=17995 17298 16903 697 352 345 395
is_linear=0
shrinkage=0.166822


Tree=4
num_leaves=7
num_cat=0
split_feature=53 8 36 56 58 49
split_gain=197.605 131.894 83.6029 68.4666 21.0965 11.6657
threshold=1.0646751109653352 -0.43597745534260318 0.79981374677553985 1.3885737477196571 1.0000000180025095e-35 -0.40816076854408512
decision_type=2 2 2 2 2 2
left_child=1 2 -1 -3 5 -2
right_child=4 3 -4 -5 -6 -7
leaf_value=-0.037868050293103354 0.069711204122795772 0.024666509332572976 -0.20447413528423625 -0.091553696209220589 0.028226416004014161 0.22699883493129405
leaf_weight=1295.9019636604935 14.874219387769697 2090.2973173372447 89.636112287640572 151.25956888124347 20.738361887633801 117.98328640311956
leaf_count=6007 64 10219 366 706 52 581
internal_value=-0.000337258 -0.0081869 -0.0486501 0.0168217 0.184995 0.209428
internal_weight=3780.69 3627.09 1385.54 2241.56 153.596 132.858
internal_count=17995 17298 6373 10925 697 645
is_linear=0
shrinkage=0.166822


Tree=5
num_leaves=7
num_cat=0
split_feature=53 16 53 56 19 40
split_gain=139.248 103.209 84.4623 83.2546 17.1536 17.7103
threshold=1.0646751109653352 -0.1456934846231733 1.0646751109574881 1.3885737477196571 1.6921636468937367 -0.10760736733090569
decision_type=2 2 2 2 2 2
left_child=1 2 -1 -3 5 -2
right_child=4 3 -4 -5 -6 -7
leaf_value=-0.026204641506778245 0.0027197748864237767 0.032104399022986153 -0.18798746542428021 -0.10718149323136832 0.032671920209616644 0.20363901215911631
leaf_weight=1751.674621803686 13.76072723791003 1634.6683628410101 94.673319403082132 128.82526233792305 26.031919956207275 111.9980727173388
leaf_count=8578 61 7799 314 607 80 556
internal_value=-0.000351377 -0.00693441 -0.034503 0.0219265 0.156171 0.181695
internal_weight=3761.63 3609.84 1846.35 1763.49 151.791 125.759
internal_count=17995 17298 8892 8406 697 617
is_linear=0
shrinkage=0.166822


Tree=6
num_leaves=8
num_cat=0
split_feature=0 53 42 21 46 22 30
split_gain=100.17 86.2027 81.2041 29.0673 18.6424 17.9705 5.58445
threshold=-1.6253244673654568 1.0646751109653352 -3.5947299893593083 -1.1839200487388231 -0.018135180936549446 0.083436492301393647 -0.095012465494975967
decision_type=2 2 2 2 2 2 2
left_child=3 2 -2 4 -1 -3 -5
right_child=1 5 -4 6 -6 -7 -8
leaf_value=0.047824991592152297 0.22607577250307981 0.19907501231890093 -0.002365074087365495 -0.087883416127001762 -0.11509040002473525 0.079547057181390296 -0.19592228768019934
leaf_weight=34.244415625929832 43.86714343726635 63.724179960787296 3376.7123014386743 15.933071840554474 45.450728990137577 78.138653710484505 87.166684415191412
leaf_count=179 189 317 16323 65 225 349 348
internal_value=-0.000329365 0.0058493 0.000563073 -0.120772 -0.045023 0.133274 -0.179275
internal_weight=3745.24 3562.44 3420.58 182.795 79.6951 141.863 103.1
internal_count=17995 17178 16512 817 404 666 413
is_linear=0
shrinkage=0.166822


Tree=7
num_leaves=8
num_cat=0
split_feature=6 53 57 0 57 48 7
split_gain=94.1519 73.0426 79.5207 64.2583 46.4541 43.9182 5.22708
threshold=-0.13906618486210667 -0.48449918577790679 0.91239922826434616 -2.0330861008305363 -0.73223449815050623 1.2896776681499917 -0.28908703877829617
decision_type=2 2 2 2 2 2 2
left_child=3 4 -3 6 -2 -5 -1
right_child=1 2 -4 5 -6 -7 -8
leaf_value=-0.08617000023884834 0.042311561363245105 0.020032761057206475 0.10877585032843182 -0.030887732347310029 -0.045061511906193397 0.091850719479326187 -0.19370992763208739
leaf_weight=15.646947853267191 244.25542384758592 992.9326637275517 392.03609161823988 1376.2235019542277 551.91615065932274 86.195605985820293 68.319970101118088
leaf_count=66 1259 4671 1951 6418 2824 447 359
internal_value=-0.000313577 0.0220091 0.0451565 -0.0318025 -0.0182502 -0.02365 -0.173731
internal_weight=3727.53 2181.14 1384.97 1546.39 796.172 1462.42 83.9669
internal_count=17995 10705 6622 7290 4083 6865 425
is_linear=0
shrinkage=0.166822


Tree=8
num_leaves=8
num_cat=0
split_feature=53 5 25 21 52 38 40
split_gain=74.7925 69.7895 68.7522 19.2688 6.05697 5.43234 2.40802
threshold=1.0646751109689745 -0.57360986943526371 -1.7912434223823863 0.53405493795659853 0.42098291794690706 0.99241462757687982 1.2118380816307581
decision_type=2 2 2 2 2 2 2
left_child=1 3 -3 -1 6 -6 -2
right_child=4 2 -4 -5 5 -7 -8
leaf_value=-0.063019221447743412 0.2466742861960271 -0.18769537598669792 0.0037439818042564414 -0.18985115634389441 0.050263224183387523 0.18500160462834606 0.157757556200945
leaf_weight=72.356978006660938 24.142590507864952 53.007198140025139 3457.277248730883 62.077120527625084 17.043966569006443 16.5349350720644 13.729411732405422
leaf_count=348 131 330 16722 211 89 93 71
internal_value=-0.000349366 -0.00366437 0.000851694 -0.121624 0.168678 0.116763 0.214574
internal_weight=3716.17 3644.72 3510.28 134.434 71.4509 33.5789 37.872
internal_count=17995 17611 17052 559 384 182 202
is_linear=0
shrinkage=0.166822


Tree=9
num_leaves=8
num_cat=0
split_feature=56 57 53 53 56 48 57
split_gain=68.0372 121.455 126.733 82.327 125.749 71.83 50.6851
threshold=-0.94160358919150966 -0.3846824972750561 0.40064625951689076 -0.062522478276872226 1.0000000180025095e-35 0.25069883552969824 -0.73223449815050623
decision_type=2 2 2 2 2 2 2
left_child=1 5 -3 6 -5 -1 -2
right_child=3 2 -4 4 -6 -7 -8
leaf_value=-0.025595543470170654 0.020130938004329503 -0.024174023315235379 -0.18414227713732728 0.10722345837797558 0.0066302037526670713 0.14121845407593467 -0.051325067997556539
leaf_weight=165.03310095518827 465.91275509633124 364.61408248916268 221.67126494646072 487.01403378322721 1193.4420298486948 127.15462382882833 678.36862905696034
leaf_count=848 2351 1849 919 2325 5488 677 3538
internal_value=-0.000324488 -0.040873 -0.0846658 0.012284 0.0357862 0.0469814 -0.0222261
internal_weight=3703.21 878.473 586.285 2824.74 1680.46 292.188 1144.28
internal_count=17995 4293 2768 13702 7813 1525 5889
is_linear=0
shrinkage=0.166822


Tree=10
num_leaves=8
num_cat=0
split_feature=0 5 46 15 51 48 1
split_gain=64.9863 54.4486 67.3658 32.3815 26.1786 21.4686 12.4527
threshold=-1.1200452229640312 -0.63690835123336698 0.14463370867406949 -0.10576165550146142 1.1502913474738783 -0.40717241244299274 -0.78827579209607623
decision_type=2 2 2 2 2 2 2
left_child=3 5 -3 4 -1 -2 -5
right_child=1 2 -4 6 -6 -7 -8
leaf_value=-0.038658740294837936 -0.14678333287373602 0.03455924977495678 -0.014042398405386299 -0.15398328176227849 0.16175305777581461 0.053590321699838794 -0.065600634792983448
leaf_weight=209.07376779988408 85.212745979428291 1659.2020858228207 1521.2769138254225 102.62324453704059 19.855287156999111 17.987735472619534 78.616913363337517
leaf_count=919 355 8188 7367 607 109 88 362
internal_value=-0.000379275 0.00743966 0.0113107 -0.0629875 -0.0212546 -0.111809 -0.115673
internal_weight=3693.85 3283.68 3180.48 410.169 228.929 103.2 181.24
internal_count=17995 15998 15555 1997 1028 443 969
is_linear=0
shrinkage=0.166822


Tree=11
num_leaves=8
num_cat=0
split_feature=16 21 25 57 53 53 34
split_gain=57.4155 66.6167 51.601 48.7926 51.7891 48.8646 20.6869
threshold=-0.1456934846231733 0.62330039181090624 0.049361358838859233 0.91239922826434616 0.4763964672492817 1.0646751109547432 0.045785855515206586
decision_type=2 2 2 2 2 2 2
left_child=1 2 -1 5 -5 -2 -3
right_child=3 6 -4 4 -6 -7 -8
leaf_value=-0.024085500867489271 -0.0055161292193580862 -0.12147542518136009 0.046018866687795645 -0.0019744733855676226 0.11377049663968879 0.098118953050818261 -0.048171039524890089
leaf_weight=979.97998106479645 1247.441328316927 176.84733447432518 416.3152240626514 177.35867020115256 273.11618942022324 140.91225713863969 272.73560234159231
leaf_count=5215 5951 691 2054 942 1253 651 1238
internal_value=-0.000380794 -0.0211664 -0.00317975 0.0204817 0.0681887 0.00499875 -0.0770173
internal_weight=3684.71 1845.88 1396.3 1838.83 450.475 1388.35 449.583
internal_count=17995 9198 7269 8797 2195 6602 1929
is_linear=0
shrinkage=0.166822


Tree=12
num_leaves=8
num_cat=0
split_feature=6 25 52 32 48 52 3
split_gain=52.9547 53.7409 36.6406 27.9478 21.4876 12.2893 7.38553
threshold=-0.17656082089434436 -1.4225276308542092 1.5728283380239148 -0.066830486697107103 1.0234517831646002 0.7558125182650568 -0.18209600926896488
decision_type=2 2 2 2 2 2 2
left_child=3 6 -3 5 -5 -1 -2
right_child=1 2 -4 4 -6 -7 -8
leaf_value=-0.079858991296536661 -0.186370620408808 0.01700021785714197 -0.056672535127221015 -0.038580544811608664 0.064337955716344389 -0.1931256758291838 -0.018971287069122308
leaf_weight=94.792149446904659 43.691800866276026 2757.3272958416492 201.57856875285506 461.74401359632611 64.287162214517593 37.259995475411415 8.8973558321595174
leaf_count=479 346 13688 770 2201 331 139 41
internal_value=-0.000359667 0.00900691 0.0119795 -0.0432304 -0.025993 -0.111857 -0.158146
internal_weight=3669.58 3011.5 2958.91 658.083 526.031 132.052 52.5892
internal_count=17995 14845 14458 3150 2532 618 387
is_linear=0
shrinkage=0.166822


Tree=13
num_leaves=8
num_cat=0
split_feature=26 10 52 30 18 49 39
split_gain=43.1406 41.6049 39.8245 36.0189 33.9025 32.9663 23.7511
threshold=0.33489214365350406 0.49894641332194639 1.4974963577185822 1.5907919134505886 0.36554068636330078 -0.78771460014805539 -0.90856459295816883
decision_type=2 2 2 2 2 2 2
left_child=1 4 5 -4 -1 -2 -3
right_child=2 6 3 -5 -6 -7 -8
leaf_value=-0.015406714127020061 -0.037535664235605393 0.087621723009826444 -0.067880463045706954 0.15491982307776392 -0.07546398013392 0.052605274886441331 0.0075674633567903134
leaf_weight=1501.5091033130884 130.65285635739565 126.47086838632822 174.10654131695628 22.831377029418945 316.870924603194 828.6735182646662 560.09005651250482
leaf_count=7893 631 621 646 99 1411 4055 2639
internal_value=-0.000358751 -0.0126632 0.0262933 -0.042025 -0.0258751 0.0403235 0.0223216
internal_weight=3661.21 2504.94 1156.26 196.938 1818.38 959.326 686.561
internal_count=17995 12564 5431 745 9304 4686 3260
is_linear=0
shrinkage=0.166822


Tree=14
num_leaves=8
num_cat=0
split_feature=46 28 48 56 56 48 52
split_gain=47.9952 41.3619 39.3203 34.2803 29.3422 26.9238 18.8792
threshold=0.14463370867406949 -0.059936493858728339 0.66915876811699049 1.3885737477196571 1.3885737477196571 -1.4073341087957052 -0.023811036400831081
decision_type=2 2 2 2 2 2 2
left_child=1 5 4 -3 -2 -1 -4
right_child=2 3 6 -5 -6 -7 -8
leaf_value=-0.064225643118501943 -0.032599812220766751 0.051392847254240537 -0.012502525136743239 -0.082692931475837311 -0.13325247766581319 0.0068971880546597518 0.044857364982381187
leaf_weight=179.2323905415833 946.30908205732703 865.29226084053516 391.11153844371438 56.500686712563038 88.156121846288443 853.03812203556299 269.77893036976457
leaf_count=805 4620 4201 2076 229 402 4378 1284
internal_value=-0.000334312 0.017484 -0.0208746 0.0431686 -0.0411823 -0.00544689 0.0109044
internal_weight=3649.42 1954.06 1695.36 921.793 1034.47 1032.27 660.89
internal_count=17995 9613 8382 4430 5022 5183 3360
is_linear=0
shrinkage=0.166822


Tree=15
num_leaves=8
num_cat=0
split_feature=37 0 53 53 30 47 45
split_gain=43.2332 44.929 61.8563 29.8037 10.466 5.06565 4.75088
threshold=-3.3122325474022438 -0.63545064210425495 0.8394387595881555 1.0646751109689745 0.52340564459310823 -1.4855309648767385 -0.17747439566289577
decision_type=2 2 2 2 2 2 2
left_child=4 3 -3 -2 5 -1 -6
right_child=1 2 -4 -5 6 -7 -8
leaf_value=0.12789901054512645 -0.043521390174300123 -0.012642688124062638 0.038377990936237942 0.13546162056768773 0.25010342036418826 -0.013481144304420319 0.12226508475042623
leaf_weight=15.047164000570776 774.21679958701134 1690.3280475158244 1086.1926153041422 26.774194587022066 20.601691644638777 13.163912713527678 13.661020673811434
leaf_count=73 3815 8708 5004 180 90 59 66
internal_value=-0.00032071 -0.00272464 0.00731509 -0.0375323 0.137257 0.0617476 0.199281
internal_weight=3639.99 3577.51 2776.52 800.991 62.4738 28.2111 34.2627
internal_count=17995 17707 13712 3995 288 132 156
is_linear=0
shrinkage=0.166822


Tree=16
num_leaves=8
num_cat=0
split_feature=56 57 52 48 49 49 56
split_gain=39.8813 79.3461 56.8182 48.5498 45.4161 38.2229 22.8142
threshold=-0.94160358919150966 -0.3846824972750561 1.5728283380100323 0.96101989007813438 0.28094202006727159 0.0086795729507273805 1.0000000180025095e-35
decision_type=2 2 2 2 2 2 2
left_child=1 3 5 -1 -3 -2 -4
right_child=2 4 6 -5 -6 -7 -8
leaf_value=0.0070347538955274598 -0.0042020888798992408 -0.030951901095846258 0.031854112544735441 0.18525614409087826 -0.12862307968247655 0.036748970695938861 -0.095314171926546509
leaf_weight=240.24553904682398 1241.9412919916213 343.38686504215002 49.591017618775368 51.707938715815544 215.91638016328216 1296.0236828904599 187.46683603152633
leaf_count=1260 6141 1706 195 265 1062 6606 760
internal_value=-0.000277341 -0.0318658 0.00941078 0.038617 -0.0686665 0.0167078 -0.0686899
internal_weight=3626.28 851.257 2775.02 291.953 559.303 2537.96 237.058
internal_count=17995 4293 13702 1525 2768 12747 955
is_linear=0
shrinkage=0.166822


Tree=17
num_leaves=8
num_cat=0
split_feature=5 53 53 45 57 22 19
split_gain=35.6083 36.1422 42.3064 16.7937 14.1032 10.792 2.48343
threshold=-0.57360986943526371 1.0646751109653352 1.0646751109574881 -0.67268424819660289 -0.037130496399606208 1.0000000180025095e-35 0.38122929441129366
decision_type=2 2 2 2 2 2 2
left_child=3 2 -2 4 -1 -3 -5
right_child=1 5 -4 6 -6 -7 -8
leaf_value=0.025468836763533904 0.0031656484220739752 0.15141681540734081 -0.098054799069721754 -0.12794987393260515 -0.11333906285896077 0.050218979909491993 -0.21253408934021298
leaf_weight=39.970479734241962 3253.6459861621261 50.364096250385046 119.12113634124398 17.254353001713753 41.441299982368946 70.737020473927259 23.288525380194187
leaf_count=198 16291 317 459 89 206 359 76
internal_value=-0.000285776 0.00280574 -0.000407799 -0.0888962 -0.0451265 0.0923476 -0.176662
internal_weight=3615.82 3493.87 3372.77 121.955 81.4118 121.101 40.5429
internal_count=17995 17426 16750 569 404 676 165
is_linear=0
shrinkage=0.166822


Tree=18
num_leaves=8
num_cat=0
split_feature=46 4 48 56 6 9 17
split_gain=37.5628 38.0142 27.349 28.9314 26.7656 16.4667 14.446
threshold=0.14463370867406949 -0.62915081868264644 1.2896776681499917 1.3885737477196571 -0.12739035270908319 -0.80924244514974208 -0.097658330876898194
decision_type=2 2 2 2 2 2 2
left_child=1 6 3 -2 -3 -4 -1
right_child=2 4 5 -5 -6 -7 -8
leaf_value=-0.015774542008298937 -0.019699616081009105 -0.00052767236981104829 -0.074055866188978747 -0.11010555591719012 0.039662866704065221 0.06283284749302305 -0.15252055467137612
leaf_weight=38.69243736192584 1376.1158754471689 875.51043215580285 28.914355222135782 106.14341385290027 973.74957994185388 157.63831039518118 48.637134600430727
leaf_count=203 6906 4329 144 516 4868 816 213
internal_value=-0.000254178 0.015551 -0.0185985 -0.0261769 0.0206324 0.0415888 -0.0919918
internal_weight=3605.4 1936.59 1668.81 1482.26 1849.26 186.553 87.3296
internal_count=17995 9613 8382 7422 9197 960 416
is_linear=0
shrinkage=0.166822


Tree=19
num_leaves=5
num_cat=0
split_feature=25 15 23 30
split_gain=34.5081 32.5899 34.8986 6.46394
threshold=-1.7912434223823863 -3.269256896424181 -0.65902786869167351 0.31830153792776067
decision_type=2 2 2 2
left_child=-1 3 -3 -2
right_child=1 2 -4 -5
leaf_value=-0.17792323110625116 0.047187996394705056 -0.037503074190567254 0.0067339401217434399 0.16447077713132377
leaf_weight=30.166650075465441 19.97545862942934 598.31955397501588 2910.395863879472 38.655795093625784
leaf_count=332 100 2967 14408 188
internal_value=-0.000249398 0.00125164 -0.000808074 0.1246
internal_weight=3597.51 3567.35 3508.72 58.6313
internal_count=17995 17663 17375 288
is_linear=0
shrinkage=0.166822


Tree=20
num_leaves=5
num_cat=0
split_feature=13 2 56 5
split_gain=29.6517 27.374 27.2895 15.2292
threshold=-0.024368215067737207 -3.0734343425396204 -0.94160358919150966 0.54971982408909403
decision_type=2 2 2 2
left_child=1 -1 -3 -2
right_child=3 2 -4 -5
leaf_value=-0.17552858435573301 0.26052286648728135 -0.027222641259037342 0.0075184442401330896 0.048002704128511653
leaf_weight=25.061319906264544 17.546458542346954 819.89496353082359 2705.8324873466045 20.324789311736822
leaf_count=328 63 4159 13357 88
internal_value=-0.000227929 -0.00179539 -0.000559024 0.146602
internal_weight=3588.66 3550.79 3525.73 37.8712
internal_count=17995 17844 17516 151
is_linear=0
shrinkage=0.166822


Tree=21
num_leaves=8
num_cat=0
split_feature=46 43 15 57 23 27 27
split_gain=27.0535 28.52 38.2884 25.5457 21.935 17.719 8.62318
threshold=0.7414529705796723 -0.62203626110191668 0.58808759373904429 -0.3846824972750561 -0.65902786869167351 -0.044066391381302056 0.16597960980785911
decision_type=2 2 2 2 2 2 2
left_child=1 3 -3 -1 6 -6 -2
right_child=4 2 -4 -5 5 -7 -8
leaf_value=0.079432830791264578 -0.060810914560750086 -0.016128857678249498 0.032507777292518907 0.0056907989764361485 0.0080712588909296196 -0.040488584560693569 -0.16119931221545664
leaf_weight=269.84161213412881 141.03577776625752 1355.681840499863 674.59301078692079 253.90939990989864 500.21150643751025 359.18666160479188 28.763533264398575
leaf_count=1337 702 7086 3256 1260 2426 1790 138
internal_value=-0.000215047 0.00898512 2.89774e-05 0.0436931 -0.0230509 -0.0122185 -0.0778464
internal_weight=3583.22 2554.03 2030.27 523.751 1029.2 859.398 169.799
internal_count=17995 12939 10342 2597 5056 4216 840
is_linear=0
shrinkage=0.166822


Tree=22
num_leaves=8
num_cat=0
split_feature=16 21 40 30 3 57 47
split_gain=26.9385 37.0627 26.4221 20.3706 18.7098 25.4132 17.3616
threshold=0.41085715929254268 0.80179129951952144 0.13538034171702129 1.9330565818302488 -0.037189827732736026 -0.98666022106355877 2.2110133070684737
decision_type=2 2 2 2 2 2 2
left_child=1 2 -1 -3 6 -6 -2
right_child=4 3 -4 -5 5 -7 -8
leaf_value=-0.011405483967305658 0.046177278426932283 -0.049796068434994421 0.028987751715952203 0.10824371585252165 0.08885752391800672 -0.047462843082811977 -0.040896515544515989
leaf_weight=1328.0160946175456 637.48442448303103 611.58203768357635 682.12587956525385 23.552919641137123 48.599410355091095 175.24474674463272 70.742209985852242
leaf_count=7227 3031 2768 3446 99 235 903 286
internal_value=-0.000203562 -0.00879802 0.00229911 -0.0439274 0.0241826 -0.0178432 0.0374726
internal_weight=3577.35 2645.28 2010.14 635.135 932.071 223.844 708.227
internal_count=17995 13540 10673 2867 4455 1138 3317
is_linear=0
shrinkage=0.166822


Tree=23
num_leaves=7
num_cat=0
split_feature=32 53 19 11 22 11
split_gain=28.6806 29.1525 50.6902 30.3361 19.6967 9.98351
threshold=-0.066830486697107103 0.8394387595881555 -0.45116674921660282 -1.0303625272096903 0.21386117915099687 0.87871839603770019
decision_type=2 2 2 2 2 2
left_child=4 3 -3 -2 5 -1
right_child=1 2 -4 -5 -6 -7
leaf_value=-0.045081800711506928 0.045518767683060193 0.079028539523783345 0.0040523614897945009 -0.016333222641507023 -0.18580578254404315 0.078198519220373852
leaf_weight=252.57115607336164 253.04587034508586 340.6683971658349 953.45713501796126 1723.7907651271671 26.919784037396312 19.679291158914566
leaf_count=1285 1284 1734 4340 9163 94 95
internal_value=-0.000193155 0.00432736 0.0237932 -0.00841326 -0.049635 -0.0361519
internal_weight=3570.13 3270.96 1294.13 1976.84 299.17 272.25
internal_count=17995 16521 6074 10447 1474 1380
is_linear=0
shrinkage=0.166822


Tree=24
num_leaves=5
num_cat=0
split_feature=25 3 32 37
split_gain=23.7421 22.2732 24.2576 15.8763
threshold=-1.7912434223823863 0.56411362402481446 -0.067275760042172894 -0.097752010429286815
decision_type=2 2 2 2
left_child=-1 2 -2 -3
right_child=1 3 -4 -5
leaf_value=-0.17459445054161743 -0.046145333527023685 -0.14280862769130603 0.0076372512381049258 -0.025221671894353995
leaf_weight=21.590467780828476 252.10710597224534 46.837188225239515 3140.0735554713756 101.02394734323025
leaf_count=332 1278 223 15626 536
internal_value=-0.000187705 0.000874553 0.00363863 -0.0625035
internal_weight=3561.63 3540.04 3392.18 147.861
internal_count=17995 17663 16904 759
is_linear=0
shrinkage=0.166822


Tree=25
num_leaves=8
num_cat=0
split_feature=48 56 51 15 57 57 11
split_gain=24.8097 27.829 27.6113 23.5383 16.4325 33.3906 19.6121
threshold=1.1945985008081241 1.3885737477196571 -0.98627083945870619 -0.27726424837712399 1.0000000180025095e-35 0.91239922826434616 -0.071596622344261562
decision_type=2 2 2 2 2 2 2
left_child=1 2 -1 -3 6 -6 -2
right_child=4 3 -4 -5 5 -7 -8
leaf_value=-0.025719425585967366 0.11632488684113919 0.029106987868684393 0.009715188743564895 -0.093326596569352674 -0.12649823434061294 0.050220704758327663 0.0070904669955369455
leaf_weight=858.44286712817848 119.58556713908911 59.169957667589188 2131.4956851229072 166.53331818990409 41.372677326202393 105.96311768144369 74.241859652101994
leaf_count=4632 671 250 10449 844 206 547 396
internal_value=-0.000182771 -0.00472236 -0.000456761 -0.0612071 0.0425903 0.000562552 0.074511
internal_weight=3556.81 3215.64 2989.94 225.703 341.163 147.336 193.827
internal_count=17995 16175 15081 1094 1820 753 1067
is_linear=0
shrinkage=0.166822


Tree=26
num_leaves=6
num_cat=0
split_feature=19 5 3 17 17
split_gain=21.2913 23.4739 24.3446 11.8701 9.74794
threshold=-1.9434822499157478 -0.47537890069304989 -0.19185755872593338 -0.11378479354856687 -1.62293520835303
decision_type=2 2 2 2 2
left_child=4 3 -3 -2 -1
right_child=1 2 -4 -5 -6
leaf_value=0.19651947525976354 -0.025150986450008746 -0.081674621961755664 0.0037395031943970301 -0.11939583518788759 0.036871487062700652
leaf_weight=21.383799519389868 86.655501652508974 95.587806858122349 3256.8860653415322 65.386478658765554 21.377270337194204
leaf_count=106 459 478 16539 303 110
internal_value=-0.000174408 -0.00160347 0.00130261 -0.065715 0.116827
internal_weight=3547.28 3504.52 3352.47 152.042 42.7611
internal_count=17995 17779 17017 762 216
is_linear=0
shrinkage=0.166822


Tree=27
num_leaves=7
num_cat=0
split_feature=1 37 14 20 23 50
split_gain=19.1978 19.9319 29.4668 15.446 5.15443 1.74256
threshold=-1.9303155277928381 0.56316719861125775 -0.024434568823659884 2.2240129857741393 -0.24229007087627982 -0.90271678192548699
decision_type=2 2 2 2 2 2
left_child=4 2 -2 -3 5 -1
right_child=1 3 -4 -5 -6 -7
leaf_value=-0.18093295334407372 0.024457448212861652 0.024402820748438643 -0.018478338184190181 -0.051786509433670552 0.023876581733487955 -0.070442032845154601
leaf_weight=21.221554949879653 593.27916261740029 1062.9795910734683 1777.1534897852689 79.557748936116695 5.0187072232365599 5.0900114253163329
leaf_count=352 3027 5229 9019 323 24 21
internal_value=-0.00016575 0.000992279 -0.00773009 0.0190931 -0.130174 -0.159752
internal_weight=3544.3 3512.97 2370.43 1142.54 31.3303 26.3116
internal_count=17995 17598 12046 5552 397 373
is_linear=0
shrinkage=0.166822


Tree=28
num_leaves=8
num_cat=0
split_feature=53 21 8 8 54 35 21
split_gain=20.6524 20.5781 35.0632 29.7124 6.3071 4.80949 3.5253
threshold=1.0646751109689745 0.93565948030098278 -0.40535520868218927 0.69748540895835809 1.0000000180025095e-35 -0.70570739363763424 0.06551630522148362
decision_type=2 2 2 2 2 2 2
left_child=1 2 -1 -3 5 -2 -6
right_child=4 3 -4 -5 6 -7 -8
leaf_value=-0.015251057845819259 -0.02931872776186082 -0.064243338406456088 0.023038108847648755 0.0009666457609085313 0.10884235284900282 0.10318298782060191 0.25195914393295288
leaf_weight=1239.5251502227038 11.36021416261792 323.3080365806818 1437.2809271737933 487.51818718761206 10.103640999644997 22.863724499940872 9.4325352050364
leaf_count=6532 89 1378 7429 2272 89 152 54
internal_value=-0.000161887 -0.00174499 0.00530598 -0.0250288 0.102446 0.059052 0.178203
internal_weight=3541.39 3487.63 2676.81 810.826 53.7601 34.2239 19.5362
internal_count=17995 17611 13961 3650 384 241 143
is_linear=0
shrinkage=0.166822


Tree=29
num_leaves=7
num_cat=0
split_feature=15 53 56 13 52 57
split_gain=19.2166 20.3752 47.1347 33.6601 4.44172 10.338
threshold=-3.269256896424181 0.8394387595881555 -1.3020832777307974 -0.024368215070637928 1.1071284075936847 1.0000000180025095e-35
decision_type=2 2 2 2 2 2
left_child=4 3 -3 -2 5 -1
right_child=1 2 -4 -5 -6 -7
leaf_value=0.14448577155889461 -0.0262780003679709 -0.20732313052527537 0.017960095921130809 0.020088093755560428 0.1535446244034635 -0.043200196203948084
leaf_weight=17.604014091193676 1441.0030521638691 26.334497965872288 1384.440872034058 624.47955655679107 22.916771836578846 15.178297048434613
leaf_count=90 7884 75 6597 3151 115 83
internal_value=-0.000141674 -0.00170069 0.0137512 -0.0122572 0.0970675 0.0574315
internal_weight=3531.96 3476.26 1410.78 2065.48 55.6991 32.7823
internal_count=17995 17707 6672 11035 288 173
is_linear=0
shrinkage=0.166822


Tree=30
num_leaves=7
num_cat=0
split_feature=52 52 19 52 52 53
split_gain=17.5686 30.7055 31.5227 31.4994 17.4185 15.2774
threshold=1.5728283380100323 -0.12345934389539374 -1.4482942285681843 -0.19924012208756933 1.5728283380560857 1.0646751109574881
decision_type=2 2 2 2 2 2
left_child=1 3 -3 -1 5 -2
right_child=4 2 -4 -5 -6 -7
leaf_value=-0.0069029110757283527 -0.037133025042485272 0.1425490895702386 0.016942922694184025 -0.13737350211587268 0.090030678212760784 -0.15895494969889548
leaf_weight=1796.5707872565836 233.16311564110219 58.058333164080977 1323.3608677908778 53.023416616022587 26.336834438145161 32.708075860515237
leaf_count=9613 1050 290 6565 262 112 103
internal_value=-0.000134495 0.0034067 0.0222256 -0.0106459 -0.0393077 -0.052139
internal_weight=3523.22 3231.01 1381.42 1849.59 292.208 265.871
internal_count=17995 16730 6855 9875 1265 1153
is_linear=0
shrinkage=0.166822


Tree=31
num_leaves=8
num_cat=0
split_feature=46 2 57 23 37 13 40
split_gain=18.6299 17.8586 18.1526 14.1712 13.0931 10.3921 7.09255
threshold=0.7414529705796723 -2.029374792055028 -0.73223449815050623 -0.86664641445964263 0.26632225719133712 -0.024368215072308567 -0.88320216844846877
decision_type=2 2 2 2 2 2 2
left_child=1 5 -3 6 -5 -1 -2
right_child=3 2 -4 4 -6 -7 -8
leaf_value=-0.016102426565567957 0.026070996671197184 0.028562209915463661 -0.0013018765924336987 -0.034728039367371948 0.0049376081939027875 -0.19045439362226924 -0.10951007109473568
leaf_weight=18.63183706626296 12.7667074277997 878.49564952775836 1593.7075849864632 433.42325263097882 496.91293317452073 19.588479306548834 65.689332712441683
leaf_count=99 65 4236 8246 2168 2470 358 353
internal_value=-0.000135835 0.00755688 0.00930825 -0.0192845 -0.0135363 -0.105594 -0.0873829
internal_weight=3519.22 2510.42 2472.2 1008.79 930.336 38.2203 78.456
internal_count=17995 12939 12482 5056 4638 457 418
is_linear=0
shrinkage=0.166822


Tree=32
num_leaves=8
num_cat=0
split_feature=21 0 48 46 17 56 30
split_gain=17.7794 39.8407 25.0897 20.091 16.3949 16.3835 15.0797
threshold=0.020893578294329741 -0.25724059470697747 -0.27938595740935424 -1.1575174082108817 0.87738169809324618 1.0280940591803689 -2.1979528246780684
decision_type=2 2 2 2 2 2 2
left_child=3 4 -3 6 -2 -5 -1
right_child=1 2 -4 5 -6 -7 -8
leaf_value=-0.089010245330885335 -0.070582317439980571 -0.023240064035832019 0.017642892948200897 0.01586085906994366 0.043543413321707213 -0.031409077697719737 0.068187503739463293
leaf_weight=18.274336010217667 339.99166842550039 707.42873799428344 1020.1561243608594 889.91550752148032 38.997184159234166 264.72161174379289 235.64680388942361
leaf_count=101 1567 3280 5106 4983 165 1513 1280
internal_value=-0.000140734 -0.00984367 0.000898786 0.0143669 -0.0588256 0.00501896 0.0568542
internal_weight=3515.13 2106.57 1727.58 1408.56 378.989 1154.64 253.921
internal_count=17995 10118 8386 7877 1732 6496 1381
is_linear=0
shrinkage=0.166822


Tree=33
num_leaves=6
num_cat=0
split_feature=13 21 8 8 39
split_gain=17.0352 19.482 23.9698 15.272 11.2823
threshold=-0.024368215067737207 1.0249049341552905 0.66040715022441188 1.1991817489974204 0.70125094151996048
decision_type=2 2 2 2 2
left_child=1 2 -1 -3 -2
right_child=4 3 -4 -5 -6
leaf_value=-0.0010534114717146868 0.030647981137941403 -0.052286214951333371 0.046869678575201544 0.00013921798015111386 0.2128036502733624
leaf_weight=2522.7705128099769 21.83327966183424 335.40935208275914 328.22275764122605 286.56162356585264 16.806411888450384
leaf_count=13298 101 1491 1701 1354 50
internal_value=-0.000145329 -0.00137235 0.00446199 -0.028124 0.110009
internal_weight=3511.6 3472.96 2850.99 621.971 38.6397
internal_count=17995 17844 14999 2845 151
is_linear=0
shrinkage=0.166822


Tree=34
num_leaves=8
num_cat=0
split_feature=57 53 57 53 48 3 15
split_gain=16.2521 45.5633 38.2574 56.3021 50.5868 18.8738 17.6622
threshold=0.91239922826434616 -0.89425783492808553 -0.3846824972750561 -1.1672669285960497 0.15338358186971782 0.2094122655770275 -2.0013693992466721
decision_type=2 2 2 2 2 2 2
left_child=2 6 4 -4 -1 -3 -2
right_child=1 5 3 -5 -6 -7 -8
leaf_value=-0.022145143179042641 0.10409410049973061 0.049906783589914135 0.032780666420979036 -0.054531726349759613 0.039036462314955903 -0.041655141153701038 -0.055571083390374018
leaf_weight=715.21744763106108 21.02084905654192 622.45961542241275 279.57336480356753 775.46066646277905 793.08114593103528 69.602777309715748 230.51741973869503
leaf_count=3404 117 3140 1572 4025 4008 368 1361
internal_value=-0.00012927 0.0185869 -0.00702095 -0.03139 0.0100215 0.0406908 -0.0422078
internal_weight=3506.93 943.601 2563.33 1055.03 1508.3 692.062 251.538
internal_count=17995 4986 13009 5597 7412 3508 1478
is_linear=0
shrinkage=0.166822


Tree=35
num_leaves=5
num_cat=0
split_feature=19 46 5 49
split_gain=14.9105 15.5318 22.3942 15.0088
threshold=-2.3628557256152725 0.14463370867406949 -0.47537890069304989 2.096532110126383
decision_type=2 2 2 2
left_child=-1 2 -2 -3
right_child=1 3 -4 -5
leaf_value=0.16984275266276047 -0.055850756576074863 -0.015136507465745765 0.014426530259433036 0.10972963276129129
leaf_weight=14.300783107057212 135.93925892561674 1563.7900792341679 1754.9504115451127 27.247413763776422
leaf_count=72 718 8205 8860 140
internal_value=-0.000147552 -0.000847189 0.00937149 -0.0129949
internal_weight=3496.23 3481.93 1890.89 1591.04
internal_count=17995 17923 9578 8345
is_linear=0
shrinkage=0.166822


Tree=36
num_leaves=8
num_cat=0
split_feature=16 46 40 39 21 8 32
split_gain=13.1027 16.7209 17.1192 14.6365 14.6089 29.0854 16.5825
threshold=0.79708227805562626 -0.72346703591589789 -0.18546892794883876 -0.43065060615997425 -0.068351875559977973 -0.42806783859584657 -0.066235953526909766
decision_type=2 2 2 2 2 2 2
left_child=4 3 -3 -2 6 -6 -1
right_child=1 2 -4 -5 5 -7 -8
leaf_value=-0.028436891429536891 -0.016882368965167767 0.057603139182719372 -0.012260917240407555 0.10973204635281267 -0.057057303245723653 -0.003476224037523565 0.019649974585735804
leaf_weight=253.73052393458784 34.731347158551216 136.82751614972949 340.32093294523656 93.992281977087259 357.03234056942165 1341.6781853046268 934.11375813186169
leaf_count=1384 174 655 1632 432 1722 6677 5319
internal_value=-0.000132771 0.022169 0.0077627 0.0755303 -0.00481555 -0.0147408 0.00937405
internal_weight=3492.43 605.872 477.148 128.724 2886.55 1698.71 1187.84
internal_count=17995 2893 2287 606 15102 8399 6703
is_linear=0
shrinkage=0.166822


Tree=37
num_leaves=7
num_cat=0
split_feature=53 56 56 11 42 53
split_gain=14.5094 32.9984 34.2668 23.2652 36.3952 17.3991
threshold=0.8394387595881555 -1.3020832777307974 1.3885737477196571 -0.59500295017183757 0.40204539504931774 0.61034584657545266
decision_type=2 2 2 2 2 2
left_child=3 -2 -3 5 -5 -1
right_child=1 2 -4 4 -6 -7
leaf_value=0.033560005879367943 -0.18699261679159848 0.024742778714440684 -0.065813679561527783 -0.045521532310382397 0.0046979557845771916 -0.08011950637851166
leaf_weight=430.45135378465056 22.581491261720657 1247.8992029521614 128.21496774442494 745.13671652786434 870.77077625319362 41.018473323434591
leaf_count=2261 75 6058 576 4128 4687 210
internal_value=-0.000130155 0.013016 0.0163018 -0.00894149 -0.0184564 0.023659
internal_weight=3486.07 1398.7 1376.11 2087.38 1615.91 471.47
internal_count=17995 6709 6634 11286 8815 2471
is_linear=0
shrinkage=0.166822


Tree=38
num_leaves=8
num_cat=0
split_feature=27 52 0 36 0 33 24
split_gain=18.107 16.6849 25.7846 16.4653 16.2272 21.7646 11.362
threshold=-0.10633135371395062 -0.090980936636343393 -1.6253244673654568 -2.0160581407465923 1.1118803829503239 1.4706535840970425 -0.26080762207211877
decision_type=2 2 2 2 2 2 2
left_child=1 3 -3 -1 5 -2 -6
right_child=4 2 -4 -5 6 -7 -8
leaf_value=0.081239954795397182 -0.017931272884161614 -0.10286471901032497 0.031364471751911198 -0.0088781596335704635 0.098080327823926519 -0.11641457768496606 0.0063318587144097303
leaf_weight=59.532564628869295 1044.8372144196182 41.593198123387992 929.6022387072444 1077.9609001642093 45.762018486857414 66.447705946862698 210.51229756698012
leaf_count=310 5504 349 4498 5796 217 263 1058
internal_value=-0.000143903 0.0095505 0.0256106 -0.00415721 -0.0150958 -0.0238245 0.0227349
internal_weight=3476.25 2108.69 971.195 1137.49 1367.56 1111.28 256.274
internal_count=17995 10953 4847 6106 7042 5767 1275
is_linear=0
shrinkage=0.166822


Tree=39
num_leaves=6
num_cat=0
split_feature=3 37 52 39 7
split_gain=14.0608 15.1899 14.4221 12.4412 7.18468
threshold=-0.19185755872593338 -4.6803070985338548 1.5728283380100323 -1.1600982702203761 0.23177941664807075
decision_type=2 2 2 2 2
left_child=3 -2 -3 -1 -5
right_child=1 2 -4 4 -6
leaf_value=-0.19682191201474672 0.18904219761947161 0.0042046405192659852 -0.035795612864084961 -0.060573686199451679 0.068293410739771132
leaf_weight=16.19656303524971 11.992962792515753 3094.152771291323 272.9692021459341 63.211354717612267 14.839242510497568
leaf_count=81 66 16211 1228 337 72
internal_value=-0.000141764 0.00162938 0.000960349 -0.0636981 -0.0360079
internal_weight=3473.36 3379.11 3367.12 94.2472 78.0506
internal_count=17995 17505 17439 490 409
is_linear=0
shrinkage=0.166822


Tree=40
num_leaves=8
num_cat=0
split_feature=27 53 53 53 56 8 4
split_gain=13.9448 17.8148 49.041 46.2232 11.7172 11.9374 7.96884
threshold=0.14050036899691146 1.0646751109507759 1.0646751109561514 1.0646751109488786 1.3885737477196571 -0.68532950910040624 0.09096794129104159
decision_type=2 2 2 2 2 2 2
left_child=1 3 -3 -1 5 -2 -6
right_child=4 2 -4 -5 6 -7 -8
leaf_value=0.0032248122148471237 -0.10432665263973832 0.18358111376055675 0.0056316828127722244 -0.18830553018931948 -0.019111344374696537 -0.010747812298192697 -0.18435630422718532
leaf_weight=2628.9994848184288 41.113530069589615 56.791642477735877 179.03208776377141 35.540072357282043 13.551572211086748 494.47072475031018 20.547132283449173
leaf_count=13719 215 250 925 161 70 2539 116
internal_value=-0.000125653 0.00455972 0.0485075 0.000668239 -0.0239887 -0.0179408 -0.118834
internal_weight=3470.05 2900.36 235.824 2664.54 569.683 535.584 34.0987
internal_count=17995 15055 1175 13880 2940 2754 186
is_linear=0
shrinkage=0.166822


Tree=41
num_leaves=8
num_cat=0
split_feature=53 3 48 37 41 8 21
split_gain=13.428 13.9892 12.8609 11.2822 6.46949 6.96768 2.92603
threshold=1.0646751109689745 0.56411362402481446 1.4758456765672219 -0.097752010429286815 -0.50879528828058507 0.035240869017963715 -0.84924959678516954
decision_type=2 2 2 2 2 2 2
left_child=1 2 -1 -3 6 -6 -2
right_child=4 3 -4 -5 5 -7 -8
leaf_value=-0.00063938475033757701 0.065121489948257352 -0.12553068377844706 0.076771187143976516 -0.021787672903696136 -0.045304228843527264 0.12757996852256293 0.19102441820577123
leaf_weight=3218.4251505471766 7.845317609608176 42.029959000647068 60.855599407106638 95.909545511007309 15.073024969547989 11.359581865370272 15.714041844010351
leaf_count=16569 76 215 306 521 105 77 126
internal_value=-0.00013481 -0.00139196 0.000795619 -0.0534349 0.0856965 0.0288014 0.149314
internal_weight=3467.21 3417.22 3279.28 137.94 49.992 26.4326 23.5594
internal_count=17995 17611 16875 736 384 182 202
is_linear=0
shrinkage=0.166822


end of trees

feature_importances:
vnindex_gkyz_vol_20=27
month_sin=16
corr_vnindex=15
month_cos=15
vnindex_gkyz_vol_10=13
msr_rank_10=10
ema_10_distance=9
dollar_vol_pctile=9
rsi_window_5=8
obv=7
vwap_distance_highest=7
msr_rank_20=7
yz_vol_10=7
volume_threshold_ma_20=6
rs_10=6
yz_vol_accel=6
dist_60d_high=6
vol_pctile=6
vwap_distance_lowest=5
atr_pct=5
beta_60d=5
ema_200_distance=4
zscore_kf_10=4
mrs_10=4
zscore_10_log_return=4
dc_tmv=4
ema_near_far_ratio=4
rsi_window_14=3
efi_zscore_10=3
dist_from_high_60=3
mfi_21=2
volume_threshold_ma_10=2
efi_zscore_20=2
rsi_rank_14=2
dist_20d_high=2
rv_20=2
range_pos_60=2
vol_zscore=2
rs_vnindex=2
gkyz_vol_20=2
is_quarter_end=2
ema_20_distance=1
ema_50_distance=1
zscore_kf_20=1
mrs_20=1
rs_20=1
zscore_20_log_return=1
yz_vol_20=1
yz_vol_zscore_10=1
vol_spike=1
close_position=1
trend_20=1
gkyz_vol_10=1
dow_sin=1

parameters:
[boosting: gbdt]
[objective: binary]
[metric: binary_logloss]
[tree_learner: serial]
[device_type: cpu]
[data_sample_strategy: bagging]
[data: ]
[valid: ]
[num_iterations: 42]
[learning_rate: 0.166822]
[num_leaves: 30]
[num_threads: 9]
[seed: 42]
[deterministic: 0]
[force_col_wise: 0]
[force_row_wise: 0]
[histogram_pool_size: -1]
[max_depth: 3]
[min_data_in_leaf: 64]
[min_sum_hessian_in_leaf: 0.001]
[bagging_fraction: 0.921838]
[pos_bagging_fraction: 1]
[neg_bagging_fraction: 1]
[bagging_freq: 0]
[bagging_seed: 400]
[bagging_by_query: 0]
[feature_fraction: 0.617133]
[feature_fraction_bynode: 1]
[feature_fraction_seed: 30056]
[extra_trees: 0]
[extra_seed: 12879]
[early_stopping_round: 0]
[early_stopping_min_delta: 0]
[first_metric_only: 0]
[max_delta_step: 0]
[lambda_l1: 0.0304982]
[lambda_l2: 3.10141e-08]
[linear_lambda: 0]
[min_gain_to_split: 0]
[drop_rate: 0.1]
[max_drop: 50]
[skip_drop: 0.5]
[xgboost_dart_mode: 0]
[uniform_drop: 0]
[drop_seed: 17869]
[top_rate: 0.2]
[other_rate: 0.1]
[min_data_per_group: 100]
[max_cat_threshold: 32]
[cat_l2: 10]
[cat_smooth: 10]
[max_cat_to_onehot: 4]
[top_k: 20]
[monotone_constraints: ]
[monotone_constraints_method: basic]
[monotone_penalty: 0]
[feature_contri: ]
[forcedsplits_filename: ]
[refit_decay_rate: 0.9]
[cegb_tradeoff: 1]
[cegb_penalty_split: 0]
[cegb_penalty_feature_lazy: ]
[cegb_penalty_feature_coupled: ]
[path_smooth: 0]
[interaction_constraints: ]
[verbosity: -1]
[saved_feature_importance_type: 0]
[use_quantized_grad: 0]
[num_grad_quant_bins: 4]
[quant_train_renew_leaf: 0]
[stochastic_rounding: 1]
[linear_tree: 0]
[max_bin: 255]
[max_bin_by_feature: ]
[min_data_in_bin: 3]
[bin_construct_sample_cnt: 200000]
[data_random_seed: 175]
[is_enable_sparse: 1]
[enable_bundle: 1]
[use_missing: 1]
[zero_as_missing: 0]
[feature_pre_filter: 1]
[pre_partition: 0]
[two_round: 0]
[header: 0]
[label_column: ]
[weight_column: ]
[group_column: ]
[ignore_column: ]
[categorical_feature: ]
[forcedbins_filename: ]
[precise_float_parser: 0]
[parser_config_file: ]
[objective_seed: 16083]
[num_class: 1]
[is_unbalance: 0]
[scale_pos_weight: 1]
[sigmoid: 1]
[boost_from_average: 1]
[reg_sqrt: 0]
[alpha: 0.9]
[fair_c: 1]
[poisson_max_delta_step: 0.7]
[tweedie_variance_power: 1.5]
[lambdarank_truncation_level: 30]
[lambdarank_norm: 1]
[label_gain: ]
[lambdarank_position_bias_regularization: 0]
[eval_at: ]
[multi_error_top_k: 1]
[auc_mu_weights: ]
[num_machines: 1]
[local_listen_port: 12400]
[time_out: 120]
[machine_list_filename: ]
[machines: ]
[gpu_platform_id: -1]
[gpu_device_id: -1]
[gpu_use_dp: 0]
[num_gpu: 1]

end of parameters

pandas_categorical:[]
