tree
version=v4
num_class=1
num_tree_per_iteration=1
label_index=0
max_feature_idx=58
objective=binary sigmoid:1
feature_names=rsi_window_5 rsi_window_14 mfi_21 obv volume_threshold_ma_10 volume_threshold_ma_20 efi_zscore_10 efi_zscore_20 ema_10_distance ema_20_distance ema_50_distance ema_200_distance kf_distance zscore_kf_10 zscore_kf_20 vwap_distance_highest vwap_distance_lowest mrs_10 mrs_20 rs_10 rs_20 msr_rank_10 msr_rank_20 zscore_10_log_return zscore_20_log_return yz_vol_10 yz_vol_20 dc_tmv yz_vol_zscore_10 yz_vol_zscore_20 yz_vol_accel mrs_overext_ratio ema_near_far_ratio rsi_rank_14 vol_spike close_position dist_20d_high dist_60d_high rv_20 vol_pctile atr_pct range_pos_60 dist_from_high_60 trend_20 sma_alignment vol_zscore dollar_vol_pctile rs_vnindex corr_vnindex beta_60d gkyz_vol_10 gkyz_vol_20 vnindex_gkyz_vol_10 vnindex_gkyz_vol_20 dow_sin dow_cos month_sin month_cos is_quarter_end
feature_infos=[-3.7912917339273022:2.3156533597616935] [-4.3136912565738479:4.0990090878092094] [-3.091500656883126:3.3245216782622999] [-0.34993934193094411:29.133315623143208] [-10.695694495823759:1.1463816928171149] [-10.57430611981242:1.5019840140203293] [-1.0943391436981882:87.786171702127376] [-2.048060709453396:40.357267144642961] [-7.6005894074775018:8.3117062628371325] [-11.264693502747509:7.1997510113409025] [-10.86419188635557:5.8411151523770828] [-7.3120453634009328:4.9574822461482695] [-11.268937125122324:7.1985660666573112] [-0.024369570156845603:62.458719193809081] [-0.024435927601525888:58.066328108411241] [-7.4790186844737363:3.3308815250994743] [-5.5979109472928021:7.9768832212822698] [-4.582140215934535:9.8250270360238243] [-7.6793417879958499:8.7378089364694098] [-5.5109082334090642:9.4008865843451854] [-6.5917199926823722:13.639068032088645] [-2.9811599268017495:1.3706430100859526] [-1.9753815834419839:1.6575579414223434] [-4.8908963717284877:25.419093821256606] [-5.9569022275240417:9.7706983019623479] [-1.8485280524037051:9.0865802803512015] [-1.9999737959572621:9.9646128179778923] [-2.5593458547747208:42.290428034688333] [-6.3086872831724339:6.4787416825831619] [-4.45333591383688:6.1615115224413062] [-5.7947315401851149:2.6341686906228716] [-6.851687628845279:77.338895680251341] [-2.5741113472122699:107.58159872718825] [-2.0419223608869235:1.7109083656717619] [-10.807304876533449:0.83470898162493945] [-1.8091613255053924:1.2477576988962538] [-10.607309564321243:0.84755576314090397] [-10.454579943321844:0.95840352887815994] [-1.9531812896526326:10.678158146904414] [-1.569619391391893:1.6002990251363483] [-2.1531805343079626:7.046296834672316] [-1.8526886551050621:1.9012729729919799] [-10.082882131009061:1.0634159608705194] [-8.8090500864402852:6.6629065924254789] [-1.9639896519755575:1.1863427207536055] [-3.6695709013526812:3.2964273874799028] [-1.7801510450828402:1.7468108020583784] [-7.0687634432839337:10.079400834142954] [-3.5427439752732925:2.1468774175506318] [-6.58642277956129:4.0681279920401607] [-0.97804405263164096:1.4582150839991641] [-1.2728687604972164:1.1505478357163865] [-0.93909291055263311:1.5720567749486991] [-1.2971169245421432:1.0654583259573229] [-1.3575621972335195:1.3263576331018208] [-1.1308174305248175:1.4339866567895521] [-1.398772842540833:1.4833317578470564] [-1.4289433185741904:1.3530095813422487] [-0.34289596053548488:2.9163364842162207]
tree_sizes=2161 2280 2381 2054 2159 2065 1632 2074 1958 1843 2716 2166 2499 2288 2277 2089 3025 1971 2588 1860 2268 2714 2925 1546

Tree=0
num_leaves=19
num_cat=0
split_feature=0 39 48 8 57 57 57 48 57 19 43 57 16 56 48 52 22 31
split_gain=319.159 225.193 241.751 129.849 64.413 57.0811 101.883 74.1221 50.7102 50.6471 47.9924 42.3766 40.7327 36.5786 31.8895 20.4083 4.98126 0.00142693
threshold=-2.2304679785014332 1.292112512418325 0.61898853491106698 -0.40493779480690578 -0.98802145197038216 -0.73345509359508076 0.91208771473844019 -0.64538438631976092 -0.73345509359508076 -0.25810111201043873 -0.55615705705279794 -0.38571098110552571 -0.15352060389116254 0.4025425327015979 -0.05267651161947811 1.5720567748902157 -0.4942600848434503 -0.048467472430883014
decision_type=2 2 2 2 2 2 2 2 2 2 2 2 2 2 2 2 2 2
left_child=16 3 12 8 13 7 -7 -5 10 -10 -2 -6 15 -4 -14 -3 -1 -18
right_child=1 2 4 5 11 6 -8 -9 9 -11 -12 -13 14 -15 -16 -17 17 -19
leaf_value=-0.75538562464095971 -0.49912457907378771 -0.58887122860647867 -0.30929313387362062 -0.60427853957155819 -0.17408934056317033 -0.60734038369342214 -0.50568992942569646 -0.47040383418517046 -0.60920098719979987 -0.69862664390094065 -0.61678654855319759 -0.34442397880573195 -0.55631407446298997 -0.62741702852964454 -0.41136726530131584 -0.75685430437334689 -0.83735338413518901 -0.83586149559749345
leaf_weight=28.091465927660465 178.80124949291348 73.599160049110651 18.360830470919609 165.41020482592285 81.989369601011276 738.10789589956403 496.4002733938396 503.17712007462978 531.96646735444665 297.10737503692508 250.58076218515635 94.793556030839682 128.69508920609951 26.700478494167328 70.83573255315423 30.913140084594488 85.1249615624547 28.474051222205162
leaf_count=114 816 333 96 707 417 3552 2583 2607 2610 1225 1131 430 543 123 327 97 212 70
internal_value=-0.565278 -0.55546 -0.450335 -0.572946 -0.312624 -0.544354 -0.566466 -0.503525 -0.616184 -0.641248 -0.56779 -0.265425 -0.550815 -0.497793 -0.504856 -0.638558 -0.820803 -0.83698
internal_weight=3829.13 3687.44 525.887 3161.55 221.844 1903.1 1234.51 668.587 1258.46 829.074 429.382 176.783 304.043 45.0613 199.531 104.512 141.69 113.599
internal_count=17993 17597 2366 15231 1066 9449 6135 3314 5782 3835 1947 847 1300 219 870 430 396 282
is_linear=0
shrinkage=1


Tree=1
num_leaves=20
num_cat=0
split_feature=1 25 48 56 41 37 56 32 48 29 11 2 32 2 33 22 20 17 22
split_gain=246.502 167.692 118.635 97.5873 95.8751 84.9857 52.4325 48.5977 48.9509 47.5924 34.9474 20.6553 13.9243 12.6634 12.4376 8.95568 2.66143 0.0804437 0.00181158
threshold=-1.9308555087120698 0.26600731548015699 0.3286204551176754 1.0265364827765755 0.97507059803227025 -3.310180526671616 1.3867995578250618 -0.066411028824253579 1.0910633172741708 0.16194875847221329 0.51884433351002557 1.0192650890880501 -0.046125510042366501 0.2076885035207621 1.1431724352436534 0.15780598372194171 -0.44530262181459701 -0.13821360447012213 -0.15891182100982029
decision_type=2 2 2 2 2 2 2 2 2 2 2 2 2 2 2 2 2 2 2
left_child=16 4 6 5 7 -4 10 15 -9 -5 -3 12 -6 -8 -13 -2 -1 18 -18
right_child=1 2 3 9 11 -7 13 8 -10 -11 -12 14 -14 -15 -16 -17 17 -19 -20
leaf_value=-0.18553154815135342 -0.10088974384644959 -0.013673969564419599 0.28016015480664702 -0.018922478161159946 0.039036213283196251 0.040189729188648382 -0.041527463374081704 -0.037183304873896525 0.060183351173515295 0.25236155566055418 0.072969643105960644 0.04606921052287697 0.10744255587741658 -0.19490867689623734 -0.038367375140131811 -0.22413061766167061 -0.25056452446001892 -0.23836869735621591 -0.24872767491953987
leaf_weight=27.194676224142313 217.08630523830652 315.53096288815141 50.428686931729317 22.111981831490993 208.44238018989563 372.98638040944934 26.326085552573204 1457.0070185437799 173.98154667764902 162.63060951977968 252.06553164869547 96.897195301949978 157.05530908703804 42.133735083043575 114.63371966406703 19.328846596181393 26.25872415304184 27.19669134914875 50.663802355527878
leaf_count=111 1015 1426 226 125 1012 1807 78 7084 931 744 1126 494 777 143 548 61 83 52 150
internal_value=-0.00027674 0.00803878 0.059889 0.114677 -0.0183529 0.0687702 0.00750417 -0.0374528 -0.026797 0.219891 0.0248038 0.0434589 0.0684306 -0.135926 0.000310984 -0.110966 -0.233862 -0.246485 -0.249355
internal_weight=3819.96 3688.65 1244.21 608.158 2444.43 423.415 636.056 1867.4 1630.99 184.743 567.596 577.029 365.498 68.4598 211.531 236.415 131.314 104.119 76.9225
internal_count=17993 17597 5675 2902 11922 2033 2773 9091 8015 869 2552 2831 1789 221 1042 1076 396 285 233
is_linear=0
shrinkage=0.173495


Tree=2
num_leaves=21
num_cat=0
split_feature=25 48 16 39 6 56 56 18 21 0 25 56 46 56 18 4 46 22 33 22
split_gain=193.754 116.351 128.833 84.8724 66.7343 62.6463 61.8254 41.2701 30.0482 23.2813 27.4025 17.4837 11.8181 5.39857 7.51135 6.94739 3.13556 0.248282 0.0165364 0.00638519
threshold=-1.4235013695412859 0.99260387647253268 0.023262780319201457 1.4179029257726203 -0.13050391641929479 1.3867995578250618 -0.941977567470352 -0.69730116989178414 0.51144089177735508 -1.1657424074690093 -0.13945242433563296 -0.67824669244386071 -0.34223583047911238 1.0265364827765755 -0.24470303505941574 0.065341613281459945 0.14611273297121 0.71671975677799205 -1.6329600381209124 -0.19617273921355691
decision_type=2 2 2 2 2 2 2 2 2 2 2 2 2 2 2 2 2 2 2 2
left_child=16 2 4 9 8 6 -4 -6 -2 11 -11 -3 -7 15 -15 -5 -1 18 19 -18
right_child=1 3 5 13 7 12 -8 -9 -10 10 -12 -13 -14 14 -16 -17 17 -19 -20 -21
leaf_value=-0.15972083286973915 -0.04875650733004866 -0.19111833019294472 -0.017558116865695989 0.22526553362647919 0.06347948594854122 -0.014640668545081994 0.071571492544199186 -0.023567396743543682 -0.11719537237558701 0.015195029510863689 0.10158225182116705 0.028496852790727414 -0.14222493322640525 0.31000667268451504 0.18623179125374459 0.089410874668941237 -0.23636264606647436 -0.2146839508980678 -0.23941926270941619 -0.2323017081654114
leaf_weight=23.413510635495186 656.63209856301546 20.533161468803883 324.31171844899654 29.73336049169302 216.32254197821021 33.301827564835548 843.65680724009871 677.13836081512272 273.54632357880473 222.19107169657946 219.92619608342648 23.285381980240345 63.572360251098871 31.363052438944578 27.875186763703823 18.306637272238731 17.905603393912315 22.994110375642776 21.271036557853222 35.11044605076313
leaf_count=82 3204 79 1597 126 1038 154 3933 3293 1075 1200 1121 107 300 145 134 86 88 49 52 130
internal_value=-0.000419184 0.00667176 -0.00684526 0.0770461 -0.0363558 0.0357027 0.0468227 -0.00249182 -0.068883 0.046212 0.0581674 -0.0744139 -0.0983661 0.216715 0.251763 0.173495 -0.216723 -0.230442 -0.235319 -0.233674
internal_weight=3802.39 3681.7 3088.48 593.214 1823.64 1264.84 1167.97 893.461 930.178 485.936 442.117 43.8185 96.8742 107.278 59.2382 48.04 120.695 97.2812 74.2871 53.016
internal_count=17993 17592 14594 2998 8610 5984 5530 4331 4279 2507 2321 186 454 491 279 212 401 319 270 218
is_linear=0
shrinkage=0.173495


Tree=3
num_leaves=18
num_cat=0
split_feature=53 25 15 8 53 4 22 58 30 8 46 42 14 39 46 22 22
split_gain=221.791 143.186 91.8068 84.009 66.4723 52.8365 24.545 16.9982 14.4493 4.45935 4.08431 3.99949 2.56904 1.60283 0.00930356 0.000842373 0.000132289
threshold=1.0654583259521198 -1.7922945185104624 -3.2676351792850995 -0.40493779480690578 1.0654583259439205 -0.55960147198725851 1.0000000180025095e-35 1.0000000180025095e-35 0.52401449315034287 -0.34557917549287448 -0.23371392749015188 -0.28617246138633262 -0.024435927600822225 1.4179029257726203 0.23654765212867726 -0.17754228011168857 0.51178470665744025
decision_type=2 2 2 2 2 2 2 2 2 2 2 2 2 2 2 2 2
left_child=1 14 8 4 -4 -5 11 9 -3 -8 -11 13 -10 -2 -1 -16 -17
right_child=6 2 3 5 -6 -7 7 -9 12 10 -12 -13 -14 -15 15 16 -18
leaf_value=-0.22474771307859742 0.35791456209051137 0.10937218043929937 -0.032066152384763097 -0.14079778974912899 -0.19940661671378915 0.018630678855564412 0.10020697407727308 -0.0070853499994063766 0.32308848521043604 0.27705438589076892 0.17171975521127367 0.22585644157274237 0.22986208318540052 0.29027477428043336 -0.221765657773589 -0.22000010218642438 -0.22075780046986226
leaf_weight=23.978350341320038 16.766933374106884 27.245662521570921 1237.8439233489335 64.491653207689524 75.828774496912956 2101.4952146373689 13.906514115631579 17.610945880413055 18.093119248747826 17.963182590901852 28.919077053666115 22.508771818131208 17.508448623120785 28.42830578237772 19.82679083943367 26.466346427798271 22.423400864005089
leaf_count=72 78 132 5919 266 229 10285 74 43 76 88 145 114 78 135 88 111 60
internal_value=-0.000502945 -0.00892668 -0.00335681 -0.00711037 -0.0417255 0.0138837 0.209088 0.143005 0.204466 0.186487 0.21208 0.28561 0.277241 0.315369 -0.22179 -0.220757 -0.220348
internal_weight=3781.31 3635.2 3542.51 3479.66 1313.67 2165.99 146.104 78.3997 62.8472 60.7888 46.8823 67.704 35.6016 45.1952 92.6949 68.7165 48.8897
internal_count=17993 17316 16985 16699 6148 10551 677 350 286 307 233 327 154 213 331 259 171
is_linear=0
shrinkage=0.173495


Tree=4
num_leaves=19
num_cat=0
split_feature=53 1 16 57 53 57 57 53 46 19 43 46 41 47 16 48 46 56
split_gain=153.205 115.929 68.3658 65.7134 80.3957 63.2317 55.3005 54.6095 48.3219 19.0201 12.8612 4.08028 3.52765 2.7729 2.1873 0.831156 0.00293766 0.00189202
threshold=1.0654583259521198 -1.9308555087120698 -0.1362125129508675 0.91208771473844019 0.47717660723766525 -0.73345509359508076 0.91208771473844019 1.0654583259469015 0.16419971680270345 1.6920885133221517 -1.1117398501565081 -0.83058439392943495 0.15602511968890512 -0.58264577842141596 -0.17412901644458856 1.0820657340518942 0.27272161979166415 -0.941977567470352
decision_type=2 2 2 2 2 2 2 2 2 2 2 2 2 2 2 2 2 2
left_child=1 13 5 8 -5 7 -7 -3 -4 10 14 -12 -13 -1 15 -2 -15 -18
right_child=9 2 3 4 -6 6 -8 -9 -10 -11 11 12 -14 16 -16 -17 17 -19
leaf_value=-0.13805079037013349 0.32020939594842446 0.02823773911594131 0.035507215507657668 -0.011003252756004058 0.13956137756628156 -0.085831197344793123 -0.0092043030444812803 -0.22640501875315344 -0.031469229456678238 0.032766863705792355 0.22822206939561801 0.18790835157412838 0.091954766003633739 -0.21299987430441611 0.21998347271001206 0.26600839179635372 -0.20920933924274379 -0.21147415246100251
leaf_weight=19.485289089381695 15.821744069457052 606.66331263072789 653.08862904459238 177.57711699977517 267.63214711844921 619.39579553157091 522.74968329817057 26.455543264746666 643.95708409324288 23.820166729390621 15.503642607480286 17.985430829226971 32.146405827254057 25.01942378282547 21.059676609933376 18.451527245342731 18.079733800143003 32.641900017857552
leaf_count=92 71 2963 3075 928 1238 2873 2713 62 3070 73 79 95 167 69 94 98 89 144
internal_value=-0.00052026 -0.00753352 -0.00241994 0.0219955 0.0795069 -0.0263814 -0.0507598 0.0175972 0.00225476 0.174474 0.202377 0.150436 0.12638 -0.196421 0.26399 0.29103 -0.211438 -0.210667
internal_weight=3757.53 3612.75 3517.52 1742.25 445.209 1775.26 1142.15 633.119 1297.05 144.789 120.968 65.6355 50.1318 95.2263 55.3329 34.2733 75.7411 50.7216
internal_count=17993 17316 16922 8311 2166 8611 5586 3025 6145 677 604 341 262 394 263 169 302 233
is_linear=0
shrinkage=0.173495


Tree=5
num_leaves=18
num_cat=0
split_feature=53 2 6 28 56 48 1 52 22 16 23 37 27 25 22 46 20
split_gain=108.052 95.362 59.0291 49.1046 57.7422 39.7068 35.3913 20.8444 14.3524 14.3801 13.6252 13.1072 4.90794 4.18872 1.78153 0.187711 0.00562406
threshold=1.0654583259521198 -2.0398927106887226 -0.15448693045993739 -0.37868146128215985 1.3867995578250618 1.2890750267613849 0.2938359050581491 1.5720567749075285 1.0000000180025095e-35 -0.16670145734508388 -0.66636638123473502 0.17667184437271111 0.073681062490961416 1.5664449614586886 -0.66193421676026543 0.18228670063419691 -0.1928921628152557
decision_type=2 2 2 2 2 2 2 2 2 2 2 2 2 2 2 2 2
left_child=1 11 5 7 -5 6 -3 -4 12 -10 -7 -1 14 -11 -2 -13 -17
right_child=8 2 3 4 -6 10 -8 -9 9 13 -12 15 -14 -15 -16 16 -18
leaf_value=-0.055958490541930438 0.20773874848767129 -0.067886864817197287 -0.012888062772599268 0.041972386797808521 -0.10744692244637735 0.028239914037918961 -0.0005052890382129002 -0.17360616487868438 -0.0014457826887535059 0.19543310920094703 0.19414508204812195 -0.22601977108083826 0.12057797788485626 0.092490036359857697 0.27476946731749075 -0.20776188165555179 -0.20397603059896482
leaf_weight=21.445866025984287 28.942021995782849 650.06790684349835 935.25729739293456 1371.6882025413215 82.533321477472782 33.922906644642353 367.15045686066151 24.938013531267643 27.925288416445255 29.722787398844957 26.571752935647964 16.357433781027794 14.511202298104761 19.839204512536526 20.312513206154112 16.635445572435856 42.958710521459579
leaf_count=103 147 3079 4756 6555 362 166 1719 88 104 146 132 72 80 100 100 77 207
internal_value=-0.000548678 -0.0064058 -0.00168316 0.0133871 0.0334922 -0.0354453 -0.0435664 -0.0170622 0.148293 0.0981243 0.101112 -0.175733 0.209256 0.154226 0.235382 -0.209553 -0.205033
internal_weight=3730.78 3589.53 3492.13 2414.42 1454.22 1077.71 1017.22 960.195 141.253 77.4873 60.4947 97.3975 63.7657 49.562 49.2545 75.9516 59.5942
internal_count=17993 17316 16857 11761 6917 5096 4798 4844 677 350 298 459 327 246 247 356 284
is_linear=0
shrinkage=0.173495


Tree=6
num_leaves=14
num_cat=0
split_feature=38 53 42 5 46 17 19 27 30 42 2 20 19
split_gain=81.7303 75.8836 55.0053 48.6538 61.4857 21.0611 12.7556 13.8942 7.23269 4.55299 3.33549 0.00236676 3.51891e-05
threshold=-1.5644462176764555 1.0654583259521198 -3.5926180131349481 -0.57356403102468978 0.14611273297121 -0.089179831047997773 1.6920885133221517 0.31435522711333658 0.52401449315034287 -0.21367308126979909 -1.9010889223445255 -0.22342277959170834 0.31335160802041567
decision_type=2 2 2 2 2 2 2 2 2 2 2 2 2
left_child=10 2 8 5 -5 -4 7 9 -2 -3 11 -1 -13
right_child=1 6 3 4 -6 -7 -8 -9 -10 -11 -12 12 -14
leaf_value=-0.20093534940834332 0.10651984811557721 0.22213981748346312 -0.039180257401258967 0.022167905699136285 -0.025071410272237343 -0.18201156580066311 0.015525599208002437 0.025695472273184663 0.24133778476356124 0.14457540242267838 -0.10405736779772669 -0.1981841259696121 -0.19877848848922031
leaf_weight=15.001327246427534 21.509170323610306 46.509907357394695 61.837043292820454 1735.8623888269067 1588.1289352178574 62.46526961773634 23.899140350520611 20.3812515437603 27.030584793537855 44.647782865911722 13.669575084000824 30.475858427584171 14.562490984797476
leaf_count=91 99 251 305 8518 7648 236 73 119 115 232 70 191 45
internal_value=-0.000540633 0.00312965 -0.00180556 -0.00438721 -0.000401986 -0.110957 0.13055 0.155196 0.181597 0.18415 -0.181406 -0.199016 -0.198377
internal_weight=3705.98 3632.27 3496.83 3448.29 3323.99 124.302 135.438 111.539 48.5398 91.1577 73.7093 60.0397 45.0383
internal_count=17993 17596 16921 16707 16166 541 675 602 214 483 397 327 236
is_linear=0
shrinkage=0.173495


Tree=7
num_leaves=18
num_cat=0
split_feature=25 53 42 48 57 57 11 14 11 32 53 17 1 25 37 46 22
split_gain=67.3362 52.7428 62.9156 54.6842 92.728 61.3455 55.6505 53.9067 44.4339 43.9777 43.5008 37.8733 33.227 10.8084 4.25249 0.00619334 6.65238e-05
threshold=-1.7922945185104624 0.84022079723907184 -3.0302117194168949 -0.18653158924236027 -0.38571098110552571 0.91208771473844019 0.45003300914605954 -0.024435927599271864 -0.59632183750515211 -0.065077131767396171 -1.2473281262953166 -0.4749123752082518 1.6622471400760295 1.8530717001121111 -4.0374409730688612 0.23654765212867726 -0.17754228011168857
decision_type=2 2 2 2 2 2 2 2 2 2 2 2 2 2 2 2 2
left_child=15 2 13 5 9 12 -6 8 -4 -5 -9 -7 -3 -2 -15 -1 -17
right_child=1 3 7 4 6 11 -8 10 -10 -11 -12 -13 -14 14 -16 16 -18
leaf_value=-0.19833524908373204 0.063051198160193805 -0.066388805731611142 0.0086359410325340443 -0.0034580027332543682 -0.03391213222664357 0.17539097289679087 0.095414510704129513 0.069101730657157148 -0.060719524935205854 0.14490697508711839 -0.016013060977440551 0.012369292653294686 0.1687591620731157 0.26071744226723192 0.14709214888670138 -0.1945769354249004 -0.19384047709034744
leaf_weight=14.044437676668165 24.37895430624485 359.19398348592222 391.10116187483072 73.907434113323689 341.14086086302996 63.351100735366344 141.77731600031257 295.55320074036717 961.94931099005044 322.77238057181239 465.28251336887479 132.85238622874022 19.046765714883804 22.024404548108578 18.031909696757793 11.223933115601538 27.433111727237701
leaf_count=72 117 1490 1964 311 1609 289 701 1515 5020 1532 2267 597 68 97 85 88 171
internal_value=-0.00049302 0.0023319 -0.0147486 0.0279205 0.0551106 -0.0137135 0.00405618 -0.0198965 -0.0406722 0.117264 0.0170505 0.0650065 -0.0545476 0.154134 0.209568 -0.195196 -0.194055
internal_weight=3685.07 3632.36 2178.32 1454.04 879.598 574.444 482.918 2113.89 1353.05 396.68 760.836 196.203 378.241 64.4353 40.0563 52.7015 38.657
internal_count=17993 17662 11065 6597 4153 2444 2310 10766 6984 1843 3782 886 1558 299 182 331 259
is_linear=0
shrinkage=0.173495


Tree=8
num_leaves=17
num_cat=0
split_feature=25 6 56 53 56 53 53 52 14 48 4 42 56 53 22 19
split_gain=55.2748 48.4078 38.7681 80.1236 81.693 46.5751 148.505 35.6043 24.4291 20.9249 14.8401 15.55 14.2249 7.63164 0.0022776 0.000139604
threshold=-1.7922945185104624 -0.1765913789070376 -0.941977567470352 -0.061745155277892913 1.0000000180025095e-35 1.0535468806932931 1.0339954660567241 1.5720567748707246 -0.024435927599271864 1.2054579161415135 0.40220018964507193 -2.8008203471822797 -0.67824669244386071 -0.53803432227936254 -0.19617273921355691 1.0000000180025095e-35
decision_type=2 2 2 2 2 2 2 2 2 2 2 2 2 2 2 2
left_child=14 9 5 8 -5 6 -3 -7 -4 10 11 -2 -11 -14 -1 -16
right_child=1 2 3 4 -6 7 -8 -9 -10 12 -12 -13 13 -15 15 -17
leaf_value=-0.19325875249635144 0.10835650049908525 -0.027206757261623467 -0.039543329767067058 0.11379709737747302 0.021062514377679226 -0.17390506352718657 0.31192834665281044 0.00090973540855021542 0.019496717124579295 -0.05758260253798482 0.093400760447350392 -0.059982867760764731 0.2250411078832277 0.052627005618438874 -0.19014162020798284 -0.19105634725501708
leaf_weight=13.90996231138706 17.01612514257431 501.55802282691002 571.72905059158802 407.96647096052766 955.97836002334952 95.68125706911087 42.13077425211668 55.358460150659084 334.30527092516422 17.157375670969486 21.0050388276577 563.07712515443563 15.559794373810293 15.352171178907154 17.427716992795471 13.772280007600783
leaf_count=120 75 2661 2997 1948 4469 369 204 211 1654 79 94 2737 81 83 146 65
internal_value=-0.000520238 0.00186219 0.0112583 0.0222339 0.0488002 -0.024604 -0.00092694 -0.109833 -0.0177589 -0.041049 -0.0498575 -0.0550449 0.0690997 0.139413 -0.191383 -0.190546
internal_weight=3658.99 3613.88 2964.71 2269.98 1363.94 694.729 543.689 151.04 906.034 649.168 601.098 580.093 48.0693 30.912 45.11 31.2
internal_count=17993 17662 14513 11068 6417 3445 2865 580 4651 3149 2906 2812 243 164 331 211
is_linear=0
shrinkage=0.173495


Tree=9
num_leaves=16
num_cat=0
split_feature=25 5 46 26 48 3 15 21 17 57 1 28 29 28 46
split_gain=45.5555 42.7892 49.0308 39.0948 31.43 27.0227 22.9862 21.6858 15.6271 17.4838 13.38 12.787 3.86051 3.13183 0.00222952
threshold=-1.7922945185104624 -0.57356403102468978 0.14611273297121 0.33458032042177271 1.2890750267613849 0.44059957953159495 0.40117296488327442 0.22132069598484164 -0.089179831047997773 -0.037966868615970893 -0.61882823714050894 -0.27615628815704357 0.42587672605846577 0.29583999371961128 0.23654765212867726
decision_type=2 2 2 2 2 2 2 2 2 2 2 2 2 2 2
left_child=14 8 3 6 5 -4 -3 -5 9 11 -6 -2 -11 -10 -1
right_child=1 2 4 7 10 -7 -8 -9 13 12 -12 -13 -14 -15 -16
leaf_value=-0.19051046323427501 -0.051169786943487207 -0.012505627074749422 -0.01825103395953246 0.09867358081914987 -0.04781957115963921 -0.10393470726700772 0.035691751646143091 0.031914392566094622 -0.19186119081951972 -0.1850054690853089 0.071674144283618707 0.16759320228703056 -0.062596374461440424 -0.11105864444687107 -0.1874814265048905
leaf_weight=10.318158011883495 17.147659584879875 736.87478114664555 1332.7678295001388 260.15548546984792 34.509054586291313 120.83657721430063 499.91667666658759 335.14077309891582 37.781584516167641 17.384920880198482 154.42060735821724 15.14664129167795 14.000810053199528 23.369764477014542 28.172646939754486
leaf_count=72 83 3748 6473 1326 169 613 2436 1539 138 86 791 75 77 108 259
internal_value=-0.00054843 0.00145923 0.00504468 0.0245589 -0.0167216 -0.0253738 0.00697597 0.0610894 -0.0983401 -0.0381859 0.0498479 0.0514343 -0.1304 -0.160982 -0.188294
internal_weight=3637.94 3599.45 3474.62 1832.09 1642.53 1453.6 1236.79 595.296 124.831 63.68 188.93 32.2943 31.3857 61.1513 38.4908
internal_count=17993 17662 17095 9049 8046 7086 6184 2865 567 321 960 158 163 246 331
is_linear=0
shrinkage=0.173495


Tree=10
num_leaves=24
num_cat=0
split_feature=0 43 56 57 13 5 46 3 9 32 20 18 25 33 24 33 48 41 3 4 32 18 33
split_gain=38.1412 31.1557 47.5781 42.6336 30.3695 27.9094 25.598 24.3996 21.6392 23.7468 20.2086 15.5275 14.7145 14.1958 13.3254 12.3611 8.92927 8.88674 8.18414 6.98219 4.80308 0.370168 0.0793011
threshold=-1.121221480544871 -0.69965930844316393 -0.941977567470352 -0.38571098110552571 -0.024369570150760588 -0.63685858995099165 0.65254828025302625 -0.18865465666097456 -0.31454960155391337 -0.06728942894261887 -0.91984427001492008 -1.8481001526740861 0.21835216671815053 -0.14626171183035672 -0.54284842449299819 0.73902143392194863 0.033852172014606212 -0.95974328836239209 0.020346730911857083 0.50414704584012271 -0.071612452611094266 -0.58498210362796843 -1.6522053238981365
decision_type=2 2 2 2 2 2 2 2 2 2 2 2 2 2 2 2 2 2 2 2 2 2 2
left_child=8 2 3 10 5 15 12 -7 9 13 -2 -11 -4 17 -8 -3 -5 -1 -13 -6 -15 -10 -23
right_child=1 4 6 16 19 7 14 -9 21 11 -12 18 -14 20 -16 -17 -18 -19 -20 -21 -22 22 -24
leaf_value=-0.088918359332829863 -0.049130543727659737 -0.041032293577740547 0.035749868007440844 -0.056355682739601204 0.22652235910163296 -0.092856047353784846 -0.097673362627556964 0.0023272351728673068 -0.14775704255521707 0.15378535964140999 0.22206964522400408 0.012316612725890413 0.12766143901270663 -0.10515319452126404 0.037556673388736132 -0.17818879961204373 -0.20793577165015384 -0.0095528577916297631 -0.12155107732787644 0.078047715951566787 -0.21889733585189836 -0.18504605778269884 -0.20525583003328912
leaf_weight=90.934552676975727 16.504442252218723 42.37241630256176 71.951159417629242 16.768963992595673 19.034755721688271 83.725502729415894 27.605869065970182 2551.4506791513413 7.522726383060216 21.519738934934139 16.577450513839722 93.062956295907497 193.24489881470799 22.48271331936121 106.74262884259224 37.093081388622522 38.682351313531399 79.676900394260883 16.129028934985399 19.100265797227621 22.218042053282261 19.366576924920082 8.3813650757074374
leaf_count=445 84 224 356 81 69 404 130 12675 90 101 81 456 957 81 514 154 184 427 73 82 75 198 52
internal_value=-0.000535742 0.00557089 0.0459695 -0.069104 -0.00159195 -0.00375181 0.0714681 -0.000696955 -0.0524397 -0.039244 0.086769 0.0190889 0.102725 -0.0746568 0.00976963 -0.105055 -0.162097 -0.0518541 -0.00745739 0.152158 -0.161689 -0.181896 -0.191151
internal_weight=3622.15 3240.85 488.078 88.5332 2752.78 2714.64 399.545 2635.18 381.295 346.024 33.0819 130.712 265.196 215.312 134.348 79.4655 55.4513 170.611 109.192 38.135 44.7008 35.2707 27.7479
internal_count=17993 15995 2387 430 13608 13457 1957 13079 1998 1658 165 630 1313 1028 644 378 265 872 529 151 156 340 250
is_linear=0
shrinkage=0.173495


Tree=11
num_leaves=19
num_cat=0
split_feature=53 16 53 40 10 48 53 33 47 3 57 53 40 54 58 27 26 40
split_gain=37.2228 32.1809 44.9578 41.0677 27.2363 25.9927 22.2545 26.3383 21.5676 19.2609 18.3637 16.6937 14.3948 11.9987 10.476 11.2315 7.70077 5.37913
threshold=1.0654583259521198 0.38060688053015584 1.0654583259439205 0.69846713799162552 -0.24917690897826766 0.9516588775681688 1.0654583258630719 1.4510970076792378 1.2763650359458498 -0.026534953843377722 -0.98802145197038216 1.0654583258769061 -0.92182916045072538 1.0700660950747589 1.0000000180025095e-35 0.22308976679951845 0.53554707514127209 0.15591182098991108
decision_type=2 2 2 2 2 2 2 2 2 2 2 2 2 2 2 2 2 2
left_child=1 2 3 5 16 -1 9 11 -5 12 -11 -8 -3 14 15 17 -4 -2
right_child=13 6 4 8 -6 -7 7 -9 -10 10 -12 -13 -14 -15 -16 -17 -18 -19
leaf_value=-0.027500509020997693 0.028089054190686948 0.13691027196230329 -0.096447955245072561 0.050076558152434572 0.02693358509415654 0.027594885910012693 0.22700004438004695 -0.051630657927816584 -0.13739597977130813 0.072883095108828455 -0.068192132443490261 0.081728171789723733 0.01909470498432957 0.20558254838996862 -0.059614941129438215 -0.01639801609294991 -0.21678707648040996 0.15438934585839639
leaf_weight=1735.456915423274 12.729663778096436 33.099199499934912 23.066228501498699 386.46399023011327 25.679646212607622 302.70491621270776 30.281969636678696 36.987525001168251 19.398518353700638 34.702826857566833 139.0955176204443 111.41001385822892 548.60836938396096 23.133609853684902 16.450392000377178 21.532727539539337 52.298482973128557 50.093607865273952
leaf_count=8904 78 143 108 1875 114 1612 123 129 85 176 731 497 2633 130 38 131 186 300
internal_value=-0.000533306 -0.00386151 -0.0139706 -0.00928196 -0.127377 -0.0193178 0.0236793 0.0787425 0.0411161 0.0106567 -0.0400232 0.112775 0.0257984 0.0928964 0.0670365 0.091735 -0.179956 0.128798
internal_weight=3603.19 3479.25 2545.07 2444.02 101.044 2038.16 934.185 178.68 405.863 755.506 173.798 141.692 581.708 123.94 100.806 84.356 75.3647 62.8233
internal_count=17993 17316 12884 12476 408 10516 4432 749 1960 3683 907 620 2776 677 547 509 294 378
is_linear=0
shrinkage=0.173495


Tree=12
num_leaves=22
num_cat=0
split_feature=52 52 0 19 52 57 40 52 57 19 11 57 16 47 3 26 1 39 57 26 57
split_gain=33.1356 37.082 30.4078 31.9327 29.0475 30.421 29.0252 22.9519 22.5456 22.4774 15.9671 14.6768 11.6787 13.9736 13.4433 8.35273 8.07868 7.71052 3.50977 2.75051 0.633302
threshold=1.5720567748936476 -0.12404220415827628 -1.6263626279967762 -1.4478152376459479 -0.19981455214769911 -0.73345509359508076 0.085022165910710282 1.5720567749396956 0.91208771473844019 -0.48225443811535573 -0.25200665564578417 -0.98802145197038216 -0.19721093786712338 0.54277977768141294 -0.1558051882128455 0.88385549000006236 -0.38948887181022235 -0.64505985323782256 -0.73345509359508076 0.088658742195553628 1.0000000180025095e-35
decision_type=2 2 2 2 2 2 2 2 2 2 2 2 2 2 2 2 2 2 2 2 2
left_child=1 4 17 10 5 6 -1 11 -5 -7 -4 15 13 -13 -14 19 -6 20 -18 -2 -3
right_child=7 2 3 8 16 9 -8 -9 -10 -11 -12 12 14 -15 -16 -17 18 -19 -20 -21 -22
leaf_value=-0.010761952815806093 -0.14081365701457665 -0.20895648138083095 0.23144522559030331 0.0095242212029083909 -0.21854606668848151 0.0087026338838872772 0.060114957393017539 0.09758791958466502 0.058348854904255384 -0.04323415480917641 0.03024407155821085 -0.0519928686776241 0.048380412646375291 -0.20435524319744752 -0.064807751112989934 -0.22379226794809845 -0.13795317527799356 -0.042153745201955646 -0.022274967298431134 -0.050362029801827524 -0.14900525867429082
leaf_weight=393.5834181252867 19.749397646635771 14.006944138556721 34.815696522593498 884.09903379157186 21.845335986465216 381.05698675662279 311.61049158126116 27.037297993898392 419.88403259217739 733.90238918550313 18.016034081578255 61.144497107714415 56.643736928701401 25.748820729553699 71.394216768443584 23.905304074287415 16.128729321062568 22.167324960231781 15.465051315724848 20.753181234002113 8.5375024788081628
leaf_count=1974 84 120 155 4245 108 2130 1524 112 2067 3976 98 303 237 68 322 70 83 89 71 69 88
internal_value=-0.000484684 0.00461939 0.0259642 0.0306032 -0.0113474 -0.00764591 0.0205571 -0.0550464 0.0252458 -0.0254838 0.162834 -0.06982 -0.04805 -0.097142 -0.0147335 -0.142467 -0.137422 -0.114812 -0.0813292 -0.0944671 -0.186254
internal_weight=3581.5 3275.12 1401.53 1356.81 1873.59 1820.15 705.194 306.376 1303.98 1114.96 52.8317 279.339 214.931 86.8933 128.038 64.4079 53.4391 44.7118 31.5938 40.5026 22.5444
internal_count=17993 16728 6862 6565 9866 9604 3498 1265 6312 6106 253 1153 930 371 559 223 262 297 154 153 208
is_linear=0
shrinkage=0.173495


Tree=13
num_leaves=20
num_cat=0
split_feature=1 6 5 46 49 32 45 21 26 30 26 52 52 7 55 14 52 52 20
split_gain=26.8533 26.7135 22.7718 30.9464 20.2464 18.2903 17.3338 15.8559 14.9998 11.7339 10.6382 10.0082 8.37664 6.4476 5.18905 4.75004 0.0720245 0.0650796 0.00266745
threshold=-1.9308555087120698 -0.17730209043879511 -0.47554742191771171 0.14611273297121 1.9915489018139081 -0.066844510506756702 -0.73704170022337878 1.0693643452244965 0.33458032042177271 -0.25973517471055468 0.74652904071645654 0.75513184375099274 -0.64158528245949709 -0.33346919144741888 0.45431866992011566 -0.024435927600936259 -0.82889625832569558 0.51786433681055499 0.10828507831205755
decision_type=2 2 2 2 2 2 2 2 2 2 2 2 2 2 2 2 2 2 2
left_child=15 5 6 8 -5 11 9 10 -4 -3 -7 12 -2 -9 -8 -1 -17 -18 -19
right_child=1 2 3 4 -6 7 14 13 -10 -11 -12 -13 -14 -15 -16 16 17 18 -20
leaf_value=-0.04567891872089553 -0.10255793632015926 -0.08586884004861757 0.016606869530122283 -0.011077456035974181 0.13391516182731372 -0.017539437138090603 -0.19872616393255624 -0.13723450328580372 0.05417374863271017 0.037216204462514745 0.056457455610871086 -0.18016343779131691 0.014735039715377702 -0.022897969141395864 -0.073618198347434716 -0.19707106595561585 -0.16263549928154611 -0.18637512409016871 -0.18148951768778332
leaf_weight=10.492416968569158 55.306996967643499 43.177830029278994 986.93099680356681 1295.4529890790582 29.652265895158052 359.59000789001584 27.050195798277855 42.472705781459808 473.37876751646399 50.674170356243849 69.8391003459692 30.355668757110834 27.410518445074558 22.823384463787079 15.812688112258909 7.6410106904804733 6.2886673659086254 6.9196220338344556 6.8846872225403786
leaf_count=51 312 218 4945 6452 153 1845 129 173 2318 256 342 134 142 105 73 100 86 95 64
internal_value=-0.000478134 0.00108812 0.00797147 0.0113646 -0.00783291 -0.0320051 -0.0611596 -0.0176167 0.0287847 -0.0194107 -0.00550514 -0.0949586 -0.06369 -0.0972697 -0.152572 -0.14511 -0.182727 -0.177272 -0.183939
internal_weight=3568.15 3529.93 2922.13 2785.42 1325.11 607.798 136.715 494.725 1460.31 93.852 429.429 113.073 82.7175 65.2961 42.8629 38.2264 27.734 20.093 13.8043
internal_count=17993 17597 14544 13868 6605 3053 676 2465 7263 474 2187 588 454 278 202 396 345 245 159
is_linear=0
shrinkage=0.173495


Tree=14
num_leaves=20
num_cat=0
split_feature=53 8 21 21 53 37 42 20 53 0 14 25 22 30 17 45 52 38 19
split_gain=25.8669 24.3701 45.8433 38.9134 47.791 32.7589 20.8685 20.2549 20.1525 31.9354 19.4722 18.2374 15.1339 17.1553 13.964 10.9035 7.475 5.71947 2.09525
threshold=1.0654583259555725 -0.43554376369251668 0.020468252743870766 0.80156108756986855 0.96042158312453341 0.77131226570830325 -1.9711442261027936 2.2236384738547392 1.0273044743822692 -1.1657424074690093 -0.024435927600723346 1.4879138590150265 0.13917552462007335 0.30736664407532382 0.14201479705962208 -1.0108251518792959 0.42033949141954424 0.9913042016684902 0.081702849891639256
decision_type=2 2 2 2 2 2 2 2 2 2 2 2 2 2 2 2 2 2 2
left_child=1 2 8 4 14 6 -5 -7 11 -10 -6 -1 13 -4 -3 -14 18 -18 -2
right_child=16 3 12 5 10 7 -8 -9 9 -11 -12 -13 15 -15 -16 -17 17 -19 -20
leaf_value=-0.023134620670733637 0.14710374936621096 -0.0056838786710388849 -0.083862805378796118 0.080454648995866226 0.13411279662483083 0.037530311499756663 -0.052965823706570464 -0.07579533853719464 -0.039283052065353895 0.094604447772340658 0.05119013477666861 0.1026229709735655 0.002132626954042319 0.027029360635837486 0.042989990984991309 -0.12910556342435334 -0.016758519756832086 0.14197837881879569 0.24930401233715435
leaf_weight=633.62622382305562 14.538267094641926 686.00581618212163 105.34509567916393 37.765079740434885 131.69901602715254 329.14134898036718 537.85170251131058 55.474439416080713 86.691285662353039 140.590530667454 241.63330831006169 36.722870551049709 21.85859290137887 69.826316460967064 239.30486286059022 148.59096089936793 14.470484234392645 12.944078769534825 10.328050572425125
leaf_count=3587 117 3641 521 177 661 1505 2520 224 411 686 1201 181 94 326 1276 623 89 93 60
internal_value=-0.000464721 -0.00227307 -0.0217813 0.00846395 0.0280449 -0.0180178 -0.0442124 0.021185 -0.00110858 0.0435362 0.0804425 -0.0162454 -0.0754714 -0.0396593 0.00690421 -0.112275 0.12067 0.058191 0.189552
internal_weight=3554.41 3502.13 1243.25 2258.88 1298.64 960.233 575.617 384.616 897.631 227.282 373.332 670.349 345.621 175.171 925.311 170.45 52.2809 27.4146 24.8663
internal_count=17993 17634 6429 11205 6779 4426 2697 1729 4865 1097 1862 3768 1564 847 4917 717 359 182 177
is_linear=0
shrinkage=0.173495


Tree=15
num_leaves=18
num_cat=0
split_feature=25 46 4 27 37 57 53 53 11 48 48 57 48 11 57 46 19
split_gain=21.9384 20.824 21.0383 18.5866 18.8431 20.6435 15.8757 38.1499 16.5327 13.9819 13.0311 11.1201 9.95161 9.88828 5.12172 0.00294933 5.31072e-05
threshold=-1.7922945185104624 0.76107018324198672 -0.62910211535407223 -0.026558077633327921 0.30846119236373581 0.91208771473844019 1.0319768036699759 1.0454366791451408 -1.7124804206813395 0.1117429407575127 0.66856493424506058 -0.38571098110552571 -0.42172190518123093 1.244852729338684 -0.037966868615970893 0.2184606682971838 -0.29400898697409061
decision_type=2 2 2 2 2 2 2 2 2 2 2 2 2 2 2 2 2
left_child=15 2 12 4 9 -6 8 -8 -4 -3 13 -12 14 -5 -2 -1 -17
right_child=1 3 6 10 5 -7 7 -9 -10 -11 11 -13 -14 -15 -16 16 -18
leaf_value=-0.18517451860042677 -0.055715658135838127 -0.083815996688293773 0.071677000350087103 -0.10121167987518737 0.00077020069304311798 0.10321744053876224 0.15060238568609849 0.019847843072155803 -0.00081164430037636867 -0.0060709485495118341 0.025894046621359808 -0.058870634898045303 0.055502017027699427 -0.0056920645884901691 -0.15136846629961048 -0.18056729222167639 -0.17957423865945479
leaf_weight=4.7712637633085277 32.48791516199708 101.76217877864838 100.40265679359436 157.45715633407235 204.21179956942797 83.377429142594337 75.789458878338337 590.35474810749292 1669.1862086225301 220.51589882001281 90.878158465027809 95.58395941182971 13.979618329554794 41.146733246743679 35.005354534834623 9.2749313898384571 6.0118796080350849
leaf_count=64 161 479 523 781 1027 394 347 2758 8647 1135 461 504 76 182 187 177 90
internal_value=-0.000437973 0.000595327 0.00899419 -0.020654 -0.00181146 0.0304716 0.011895 0.0347242 0.00330121 -0.0306197 -0.0504968 -0.0175579 -0.0777302 -0.0814219 -0.105326 -0.181367 -0.180177
internal_weight=3532.2 3512.14 2517.21 994.933 609.867 287.589 2435.73 666.144 1769.59 322.278 385.066 186.462 81.4729 198.604 67.4933 20.0581 15.2868
internal_count=17993 17662 12699 4963 3035 1421 12275 3105 9170 1614 1928 965 424 963 348 331 267
is_linear=0
shrinkage=0.173495


Tree=16
num_leaves=27
num_cat=0
split_feature=52 56 52 52 56 56 39 19 57 52 48 1 56 49 19 11 56 39 31 16 24 1 19 30 49 11
split_gain=21.3131 35.148 28.3088 27.755 24.4571 36.9136 28.6603 25.5519 23.4274 22.2285 21.7557 19.5363 20.4854 19.1655 18.9913 14.5913 14.3055 12.2627 9.60558 11.2255 8.68342 6.67481 5.34854 5.34608 3.72467 2.97704
threshold=1.5720567748606025 1.0000000180025095e-35 -0.12404220415827628 1.5720567749309642 -0.941977567470352 1.0000000180025095e-35 -0.70795505991497021 -1.2041566365079832 1.0000000180025095e-35 -0.19981455214769911 0.9404221199098598 1.1561529359353815 0.4025425327015979 0.27069991855700404 1.8014885323480021 -0.2592653619247694 1.0265364827765755 -1.1733795893258627 -0.04157163710084983 0.35726464260172924 -0.50166438507004874 -0.38948887181022235 0.80445023216726097 0.01693103619776749 0.19777319085155229 0.12041483325958051
decision_type=2 2 2 2 2 2 2 2 2 2 2 2 2 2 2 2 2 2 2 2 2 2 2 2 2 2
left_child=2 3 9 14 8 6 -6 -7 10 11 -4 12 -1 -10 15 -2 20 -13 19 -18 25 -11 -5 -22 -23 -3
right_child=1 16 4 22 5 7 -8 -9 13 21 -12 17 -14 -15 -16 -17 18 -19 -20 -21 23 24 -24 -25 -26 -27
leaf_value=-0.027613125207961581 -0.094315130340810863 -0.14751809181916509 -0.0061811380086430811 0.21253459132517535 -0.0089076802871704986 0.11882468547232733 0.1154606789629217 0.0039521808320751506 -0.027965204458965266 -0.19912755799826645 0.17059708627848991 0.19885009864848274 0.011820317140573819 -0.18084783598699825 -0.15273461220069134 0.057297430092059703 -0.13442619849621262 0.037111770302486149 0.046381740660889535 0.0034366326964921914 -0.015657823152282254 -0.13049702810448111 0.082322392938507918 -0.12289696750847647 -0.0094596159903650549 -0.23932285902518322
leaf_weight=986.32617310807109 26.236694924533367 22.40413898602128 166.63032618165016 20.002537399530411 72.838395312428474 64.168918564915657 238.07425050809979 635.7798173930496 64.921218583360314 20.482357315719128 23.969356663525105 15.866061873733996 663.15920368768275 39.821085844188929 25.312056548893452 70.314781799912453 39.83435421064496 127.49794567003846 28.322168998420238 32.107785947620869 19.948891341686249 15.616241764277222 18.076084710657597 46.866045244038105 15.007227167487143 20.236282333731651
leaf_count=5341 109 94 877 98 379 327 1108 3157 316 108 118 79 3551 196 75 344 199 633 146 139 91 81 72 203 73 79
internal_value=-0.000418453 -0.0398291 0.00420627 0.0214303 0.0237475 0.0365797 0.0863246 0.0144833 -0.0201731 -0.00963613 0.0160501 -0.00642003 -0.0117593 -0.0860884 -0.0189696 0.0160985 -0.0865484 0.0550114 -0.0392045 -0.072898 -0.129917 -0.122461 0.150723 -0.0908787 -0.071182 -0.191087
internal_weight=3519.82 369.662 3150.16 159.942 1306.2 1010.86 310.913 699.949 295.342 1843.96 190.6 1792.85 1649.49 104.742 121.864 96.5515 209.72 143.364 100.264 71.9421 109.455 51.1058 38.0786 66.8149 30.6235 42.6404
internal_count=17993 1649 16344 698 6478 4971 1487 3484 1507 9866 995 9604 8892 512 528 453 951 712 484 338 467 262 170 294 154 173
is_linear=0
shrinkage=0.173495


Tree=17
num_leaves=17
num_cat=0
split_feature=53 16 15 8 21 21 47 42 53 46 3 48 54 13 29 22
split_gain=19.0905 20.0613 18.0233 17.5132 29.6254 20.437 16.1235 14.5347 14.8628 11.7186 11.4426 7.66949 5.59125 4.3513 3.92092 2.49686
threshold=1.0654583259555725 0.78318823981462959 -3.2676351792850995 -0.73390161440931012 0.80156108756986855 -1.4747666024944677 1.7893195291283057 0.26600024396006078 0.85569076960641255 -0.64971455561450064 -0.070219622937666051 -0.49974662597670433 1.0000000180025095e-35 -0.024369570155653393 1.6859731524895569 -0.81097788957521211
decision_type=2 2 2 2 2 2 2 2 2 2 2 2 2 2 2 2
left_child=1 2 13 5 -5 -4 7 8 -3 -8 -9 -11 14 -1 -2 -15
right_child=12 6 3 4 -6 -7 9 10 -10 11 -12 -13 -14 15 -16 -17
leaf_value=0.01716389336390943 0.13468734815992545 -0.068752095750374873 0.013310321986858305 0.011423866155822656 -0.032018822531792904 -0.055642399302186937 0.060059904756134826 0.075273775440690097 0.052584818638187217 -0.14338588984489106 0.011823760517409399 -0.027257037946338016 0.18043661085097562 0.18000664654337598 0.0071720090216708544 0.087113369970117246
leaf_weight=15.296274924650787 12.435030717402698 66.673503417521715 182.74943806603551 1468.2361406777054 696.72070404142141 443.10397118888795 26.489218164235353 267.55171720311046 55.833985902369022 29.182721436023712 125.76897496730089 41.407463803887367 19.105859283357859 15.532863058149813 17.435280967503786 19.827728919684887
leaf_count=81 94 352 1044 7787 3257 2339 106 1253 256 106 643 211 143 88 122 111
internal_value=-0.000419127 -0.0019441 -0.00808467 -0.00994627 -0.00255675 -0.0355082 0.0265238 0.0387314 -0.0134516 -0.0383408 0.0549849 -0.075266 0.10714 0.0944755 0.0602569 0.127919
internal_weight=3503.35 3454.37 2841.47 2790.81 2164.96 625.853 612.908 515.828 122.507 97.0794 393.321 70.5902 48.9762 50.6569 29.8703 35.3606
internal_count=17993 17634 14707 14427 11044 3383 2927 2504 608 423 1896 317 359 280 216 199
is_linear=0
shrinkage=0.173495


Tree=18
num_leaves=23
num_cat=0
split_feature=56 11 28 53 56 48 15 41 53 54 15 53 33 46 57 16 24 46 53 17 2 49
split_gain=17.2781 40.5747 25.1119 21.6786 44.881 27.826 30.8207 21.9345 21.7179 28.8832 25.6173 17.1959 15.1309 15.052 12.9199 12.5543 9.65204 8.64163 8.77897 6.46712 13.8761 4.42048
threshold=1.3867995578250618 -0.423066030229858 0.16719309359895371 0.84022079723907184 -1.3022406425188378 -0.63041428477542349 -1.8022633204182366 1.1929158663358195 0.61112668673217396 1.0000000180025095e-35 -0.24160514684371923 -1.2866239651855831 1.1816630067981013 0.48976542576958532 0.91208771473844019 2.151249240427898 1.7218580235772409 0.25463463596017072 0.911843460091178 0.50782425410084009 0.57325982942431131 0.2625104746059807
decision_type=2 2 2 2 2 2 2 2 2 2 2 2 2 2 2 2 2 2 2 2 2 2
left_child=3 2 17 7 -5 14 -7 8 10 -10 -1 13 16 -3 -6 -14 -9 18 -2 21 -21 -13
right_child=1 11 -4 4 5 6 -8 12 9 -11 -12 19 15 -15 -16 -17 -18 -19 -20 20 -22 -23
leaf_value=0.021578986308252203 0.17170537109806322 0.097803448271126414 -0.065283927860632057 -0.20830136273928479 -0.046712708739484229 -0.11328973836142027 0.04785112014098937 0.047362358283199464 0.00050125023631784622 -0.13439818909316076 -0.026965455493532485 -0.18994139082776226 -0.031142766727815571 -0.13265297813142188 0.022415962314680283 0.12524931120803603 0.17675697104077115 0.25084438151266097 -0.01097256075468569 0.038935567992175422 -0.14856937759856828 -0.09726431198672103
leaf_weight=507.68908258154988 17.361702401191 22.256836462765932 30.020090490579605 25.242971666157246 192.25287130102515 37.265618309378624 865.73534766584635 202.8250912502408 89.086260210722685 103.02420643344522 920.45812619104981 48.74581091850996 132.51723293215036 13.832701653242109 141.11269990727305 17.489421240985394 18.975880227982998 14.258302018046377 14.558601565659044 18.782813563942909 32.326022125780582 22.708911754190922
leaf_count=2657 105 117 100 75 851 190 4355 1027 458 551 5197 265 641 82 650 76 88 82 70 78 151 127
internal_value=-0.000364852 -0.0458117 0.0582445 0.00291553 0.0207108 0.0253866 0.041201 -0.00835453 -0.0170755 -0.0718421 -0.00970849 -0.0957884 0.0296497 0.0094721 -0.0174507 -0.0129088 0.0584326 0.138549 0.0883875 -0.126783 -0.0796602 -0.160488
internal_weight=3488.53 234.852 76.1987 3253.67 1261.61 1236.37 903.001 1992.07 1620.26 192.11 1428.15 158.653 371.808 36.0895 333.366 150.007 221.801 46.1786 31.9203 122.564 51.1088 71.4547
internal_count=17993 1177 357 16816 6121 6046 4545 10695 8863 1009 7854 820 1832 199 1501 717 1115 257 175 621 229 392
is_linear=0
shrinkage=0.173495


Tree=19
num_leaves=16
num_cat=0
split_feature=25 57 53 53 53 39 57 53 53 57 25 30 40 46 21
split_gain=16.5595 15.5776 26.0601 81.1996 39.1981 24.6032 27.5061 51.4754 44.4513 26.9036 17.6367 14.3823 11.8488 0.0013256 3.25402e-06
threshold=-1.7922945185104624 -0.73345509359508076 1.0654583259469015 1.0654583259411756 1.0654583259211068 1.2543753884120366 0.91208771473844019 -0.83510831123317908 -1.1895188436319302 -0.38571098110552571 0.95210124391174467 0.47016509100023851 0.10645662934124561 0.2184606682971838 -0.29196888118652836
decision_type=2 2 2 2 2 2 2 2 2 2 2 2 2 2 2
left_child=13 2 3 4 -2 6 8 -8 -3 11 -11 -7 -5 -1 -15
right_child=1 5 -4 12 -6 9 7 -9 -10 10 -12 -13 -14 14 -16
leaf_value=-0.18244101996391962 0.018306495346100682 0.018659645286409874 -0.1448456274778113 0.11102403006745239 -0.11925675845489229 0.20113808515026987 -0.058135216985861556 0.036118319958727337 -0.058539852232948747 -0.042596348483667779 0.047556577551407714 0.053893573514548855 0.28831693723306195 -0.17891784461102547 -0.17806389896384986
leaf_weight=3.6839095596224061 1084.8987918999046 324.78764813020825 29.577138930559158 16.67469896376133 66.15137442946434 37.290059987455606 250.10850023850799 576.28327536955476 727.12747125700116 117.23437470197678 147.49588149040937 42.984237760305405 35.511026412248611 7.0827126149088135 4.7037827502936116
leaf_count=64 5352 1756 102 85 301 215 1422 2908 3788 560 737 283 153 173 94
internal_value=-0.000401308 0.000400376 0.0160424 0.0199973 0.0104007 -0.00827305 -0.0160949 0.00759237 -0.0347039 0.0343117 0.00763284 0.122294 0.231667 -0.179499 -0.178578
internal_weight=3471.59 3456.12 1232.81 1203.24 1151.05 2223.31 1878.31 826.392 1051.92 345.005 264.73 80.2743 52.1857 15.4704 11.7865
internal_count=17993 17662 5993 5891 5653 11669 9874 4330 5544 1795 1297 498 238 331 267
is_linear=0
shrinkage=0.173495


Tree=20
num_leaves=20
num_cat=0
split_feature=3 27 0 33 38 48 52 13 39 48 37 3 45 7 24 38 51 29 18
split_gain=16.7821 15.4343 18.1835 17.8772 16.797 15.6765 13.8822 13.0512 12.3194 10.3552 9.92405 9.81868 10.506 8.72683 6.74335 5.84482 6.91917 3.69187 0.491658
threshold=-0.19160260644966873 -0.11808312209597964 1.1124365447967002 1.4703422934564618 -1.5644462176764555 1.2890750267613849 1.5720567749075285 -0.02436957015552443 -1.1608005479904333 0.3286204551176754 -3.629016638298681 -0.10084485136016026 0.26849013670644667 0.23191033335803377 -0.26048383156445637 -0.38448953525841634 0.95878460289875911 -0.68527716311881248 -0.54265902484750661
decision_type=2 2 2 2 2 2 2 2 2 2 2 2 2 2 2 2 2 2 2
left_child=8 4 3 10 17 6 -6 -7 -1 -5 -3 14 -13 15 -4 -10 -17 -2 -19
right_child=1 2 11 9 5 7 -8 -9 13 -11 -12 12 -14 -15 -16 16 -18 18 -20
leaf_value=-0.20764923831817356 -0.01872739310077132 0.10447883908686036 0.11876601277978231 -0.15834628977547721 0.013067796310069719 0.0011518828086425534 -0.053257975024368125 0.12214130244605481 -0.13449816245054586 -0.012228079049678426 -0.018709790778792253 0.096879768553607887 -0.064373477580298447 0.075216368252637361 0.033987296272710493 0.0393845462430117 -0.11123116251238804 -0.12256444973159679 -0.19511941752537407
leaf_weight=16.678549706935883 5.8081357479095486 20.061407342553139 34.423239566385746 43.798339154571295 1724.4610251840204 43.473775368183851 100.5252077486366 70.126634325832129 26.166316404938698 21.898258298635483 1047.2558162584901 15.79780653119087 52.838677696883678 15.069831758737562 157.23934216797352 20.682148739695549 16.509663976728916 3.5867218915373131 13.010339293628927
leaf_count=81 35 122 158 155 8811 251 465 355 136 105 5556 81 289 73 770 110 90 97 253
internal_value=-0.00037712 0.00166059 -0.0123012 -0.0218012 0.0115807 0.0133069 0.00941439 0.0758399 -0.0722449 -0.109642 -0.0163943 0.0290494 -0.0272584 -0.0434496 0.0492139 -0.0716745 -0.0274747 -0.137779 -0.17944
internal_weight=3449.41 3354.3 1393.31 1133.01 1960.99 1938.59 1824.99 113.6 95.1065 65.6966 1067.32 260.299 68.6365 78.428 191.663 63.3581 37.1918 22.4052 16.5971
internal_count=17993 17503 7236 5938 10267 9882 9276 606 490 260 5678 1298 370 409 928 336 200 385 350
is_linear=0
shrinkage=0.173495


Tree=21
num_leaves=24
num_cat=0
split_feature=46 23 3 57 3 57 53 53 39 57 40 52 52 47 27 28 53 53 53 27 17 18 40
split_gain=13.8648 15.664 14.0037 16.1135 17.9326 29.4195 15.8111 47.2048 14.0869 20.1664 17.0972 12.0513 19.2437 11.9659 11.496 10.2101 9.4685 15.6559 14.2407 6.16464 5.25959 11.312 3.3765
threshold=0.76107018324198672 -0.86584213226047346 -0.18293425094994123 -0.73345509359508076 -0.13021267792435462 0.91208771473844019 1.0654583259469015 1.0654583259411756 1.3550077190954726 -1.3357655644599367 0.44181468620219666 0.37188433789611502 0.53837751359376262 1.1813101338585228 -0.2522845216875968 -0.11089684667828896 1.0654583258752701 0.96042158312453341 1.0654583259372084 0.057788744048062869 -0.79552176156330623 -0.051617060930178482 -0.25763975729369953
decision_type=2 2 2 2 2 2 2 2 2 2 2 2 2 2 2 2 2 2 2 2 2 2 2
left_child=2 19 8 6 15 -6 7 -4 9 22 -10 16 -13 -11 -14 -5 17 -3 -18 20 -2 -22 -1
right_child=1 11 3 4 5 -7 -8 -9 10 13 -12 12 14 -15 -16 -17 18 -19 -20 -21 21 -23 -24
leaf_value=-0.11056726399630809 -0.14194660415026797 -0.033500058126451057 0.026766775866994285 -0.0043989185803677156 -0.063528097921091931 0.024339537131627047 -0.12726138029920223 0.24155812858257539 0.17185621627620523 -0.010208109372696872 -0.058204727861150114 0.15286805013677354 0.089395620478742152 -0.13253952028400898 -0.010861024466880044 0.032333121089077176 -0.16604969368213995 0.046550123769985637 -0.011581202482881636 -0.19102061462551093 0.04804645399685175 -0.13474260600023952 -0.21770870797500111
leaf_weight=18.566669385880232 19.817915692925453 391.47425973787904 698.06836483255029 434.67350717261434 274.5016400590539 197.01789432577789 18.247072380036116 32.219745915383101 22.255858689546585 240.29640171863139 17.2669039927423 27.724406711757183 39.478641971945763 26.747061304748058 269.02068791165948 478.55170192569494 34.635769054293633 90.550846360623837 37.324328493326902 15.491469409316776 22.925869945436716 18.345959890633821 16.924673080444336
leaf_count=91 115 2146 3499 2334 1513 1095 67 150 85 1449 91 143 192 136 1239 2454 179 445 206 83 122 93 66
internal_value=-0.00035797 -0.017977 0.00652348 0.0117488 0.000662745 -0.0268138 0.0322575 0.0362432 -0.0260651 -0.0387908 0.0713461 -0.0114998 0.0144117 -0.0224608 0.00196883 0.0148495 -0.027226 -0.0184622 -0.0859299 -0.0932705 -0.0684824 -0.0332062 -0.16166
internal_weight=3442.13 966.79 2475.34 2133.28 1384.74 471.52 748.535 730.288 342.058 302.535 39.5228 890.209 336.224 267.043 308.499 913.225 553.985 482.025 71.9601 76.5812 61.0897 41.2718 35.4913
internal_count=17993 4963 13030 11112 7396 2608 3716 3649 1918 1742 176 4550 1574 1585 1431 4788 2976 2591 385 413 330 215 157
is_linear=0
shrinkage=0.173495


Tree=22
num_leaves=26
num_cat=0
split_feature=37 56 25 3 57 43 57 3 2 2 30 30 22 23 48 55 57 37 3 16 38 39 21 36 19
split_gain=14.0167 22.8052 20.9076 14.4289 14.8972 27.5941 19.557 14.3001 13.9224 16.5822 15.3713 15.1142 13.7343 13.4618 12.2367 10.3785 9.509 8.74858 7.13981 5.91209 8.69541 5.01794 4.83119 4.47008 0.107682
threshold=0.30846119236373581 1.3867995578250618 1.0000000180025095e-35 0.69027762816245442 -1.3357655644599367 -0.66673649365474175 -0.38571098110552571 -0.019441986209461071 -1.8123823762761802 0.29743255279443959 1.933126475965764 -1.1062747192855582 -0.27069457562103011 -0.016076235706675848 0.91374366315649624 0.94415266335483405 -0.98802145197038216 -0.10769530039460279 -0.17462609217222866 0.23859717396978583 0.38808201396427083 0.38642153626739889 0.91314577825929688 0.57550275991133548 0.25530862835721796
decision_type=2 2 2 2 2 2 2 2 2 2 2 2 2 2 2 2 2 2 2 2 2 2 2 2 2
left_child=2 8 7 4 5 -4 -6 13 23 11 -11 -10 16 14 -1 -15 -9 -14 22 21 -21 -20 -3 -2 -25
right_child=1 18 3 -5 6 -7 -8 12 9 10 -12 -13 17 15 -16 -17 -18 -19 19 20 -22 -23 -24 24 -26
leaf_value=-0.049737051762751922 0.0284077987673606 -0.059972713628297834 0.077621042813453126 -0.14562694173098534 0.044314877364109544 -0.13545432396448301 -0.0082859203540758593 0.057243636206707145 -0.032298544957225568 0.0010628482639279827 0.13241348643434497 0.053894218880449332 -0.22163160497407045 -0.0068231336370937106 0.036880863948582601 0.078229838986962341 -0.068819138134578836 -0.089269110572123903 -0.091816758960802158 0.0083038763844940494 -0.15502963145544349 -0.22169609189326286 0.084573960646341054 -0.18143806091846315 -0.21546339990795763
leaf_weight=378.69622442126274 3.5178949497640106 14.239020476117732 28.007785111665726 18.363581489771605 400.88423942215741 52.752237558364868 453.38647390902042 24.414830282330513 70.345986600965261 935.69826938211918 27.608786653727293 472.93617492541671 24.512150570750237 195.85915958881378 56.405613526701927 55.399481900036335 68.665469966828823 38.859325155615807 23.636130638420582 28.741089273244143 14.895766764879225 14.414880651980637 13.61504204943776 8.2089889813214523 4.2532770708203325
leaf_count=2070 19 96 138 93 2073 254 2396 133 375 4629 106 2409 137 1002 314 282 421 206 148 165 75 65 67 264 56
internal_value=-0.000350767 0.0112871 -0.0109254 0.00667367 0.0096648 -0.0615592 0.0163981 -0.0308336 0.0167879 0.0184966 0.00482742 0.0427337 -0.078168 -0.020044 -0.0385081 0.01193 -0.035753 -0.140467 -0.0651717 -0.0910363 -0.0474514 -0.141019 0.0106816 -0.144299 -0.193052
internal_weight=3428.32 1632.11 1796.21 953.394 935.031 80.76 854.271 842.812 1522.57 1506.59 963.307 543.282 156.452 686.36 435.102 251.259 93.0803 63.3715 109.542 81.6879 43.6369 38.051 27.8541 15.9802 12.4623
internal_count=17993 8474 9519 4954 4861 392 4469 4565 7858 7519 4735 2784 897 3668 2384 1284 554 343 616 453 240 213 163 339 320
is_linear=0
shrinkage=0.173495


Tree=23
num_leaves=13
num_cat=0
split_feature=13 21 3 1 40 4 11 12 14 42 32 4
split_gain=12.4771 13.8024 14.2435 14.6673 13.5355 10.6324 9.96285 9.40471 12.8848 10.8638 7.14556 4.43596
threshold=-0.024369570150760588 0.93546271639718237 -0.18865465666097456 1.5758598294417601 -1.6010489225356088 -0.55960147198725851 -1.3123038248242291 0.058751946066749015 -0.024435927600704226 -1.4822950534109081 -0.039907853412694448 0.50414704584012271
decision_type=2 2 2 2 2 2 2 2 2 2 2 2
left_child=1 2 6 4 -4 -3 -1 8 -7 -9 -8 -2
right_child=11 5 3 -5 -6 7 10 9 -10 -11 -12 -13
leaf_value=0.064933713058821688 0.15730817673976177 -0.12791455793560658 -0.15402277566145003 0.13219786380669199 0.006419335096209523 -0.019129475742014415 -0.12663563032837363 0.12385430332492932 -0.12887712796870276 -0.012720109663946426 0.0021313306638206567 0.039213415472498556
leaf_weight=14.382876537740229 19.097204759716988 27.556695591658354 15.928506866097448 27.764163680374622 2492.5531256124377 89.594815503805876 51.045016467571259 18.086677243933082 50.266084730625153 571.05555047467351 17.391428165137768 19.199714701622725
leaf_count=76 69 141 366 135 13281 410 272 88 211 2762 100 82
internal_value=-0.000368864 -0.00148604 0.00447657 0.00678859 0.00540055 -0.0221274 -0.0663265 -0.0181286 -0.0585729 -0.00852726 -0.0939127 0.0981029
internal_weight=3413.92 3375.62 2619.07 2536.25 2508.48 756.56 82.8193 729.003 139.861 589.142 68.4364 38.2969
internal_count=17993 17842 14230 13782 13647 3612 448 3471 621 2850 372 151
is_linear=0
shrinkage=0.173495


end of trees

feature_importances:
vnindex_gkyz_vol_20=38
month_cos=32
corr_vnindex=22
dollar_vol_pctile=21
month_sin=21
vnindex_gkyz_vol_10=19
msr_rank_20=15
yz_vol_10=15
obv=14
rs_10=13
vwap_distance_lowest=11
rsi_window_14=10
ema_200_distance=10
msr_rank_10=10
vol_pctile=10
yz_vol_accel=8
rsi_rank_14=8
dist_60d_high=8
atr_pct=8
dist_from_high_60=8
mfi_21=7
volume_threshold_ma_10=7
mrs_10=7
dc_tmv=7
ema_near_far_ratio=7
rsi_window_5=6
zscore_kf_20=6
mrs_20=6
rs_20=6
yz_vol_20=6
ema_10_distance=5
vwap_distance_highest=5
yz_vol_zscore_10=5
rv_20=5
rs_vnindex=5
volume_threshold_ma_20=4
efi_zscore_10=4
zscore_kf_10=4
zscore_20_log_return=4
yz_vol_zscore_20=4
range_pos_60=4
trend_20=4
beta_60d=4
zscore_10_log_return=3
vol_zscore=3
dow_sin=3
efi_zscore_20=2
mrs_overext_ratio=2
dow_cos=2
is_quarter_end=2
ema_20_distance=1
ema_50_distance=1
kf_distance=1
dist_20d_high=1
gkyz_vol_20=1

parameters:
[boosting: gbdt]
[objective: binary]
[metric: binary_logloss]
[tree_learner: serial]
[device_type: cpu]
[data_sample_strategy: bagging]
[data: ]
[valid: ]
[num_iterations: 24]
[learning_rate: 0.173495]
[num_leaves: 33]
[num_threads: 8]
[seed: 42]
[deterministic: 0]
[force_col_wise: 0]
[force_row_wise: 0]
[histogram_pool_size: -1]
[max_depth: 5]
[min_data_in_leaf: 75]
[min_sum_hessian_in_leaf: 0.001]
[bagging_fraction: 0.948886]
[pos_bagging_fraction: 1]
[neg_bagging_fraction: 1]
[bagging_freq: 0]
[bagging_seed: 400]
[bagging_by_query: 0]
[feature_fraction: 0.66679]
[feature_fraction_bynode: 1]
[feature_fraction_seed: 30056]
[extra_trees: 0]
[extra_seed: 12879]
[early_stopping_round: 0]
[early_stopping_min_delta: 0]
[first_metric_only: 0]
[max_delta_step: 0]
[lambda_l1: 1.17415e-07]
[lambda_l2: 6.13363e-05]
[linear_lambda: 0]
[min_gain_to_split: 0]
[drop_rate: 0.1]
[max_drop: 50]
[skip_drop: 0.5]
[xgboost_dart_mode: 0]
[uniform_drop: 0]
[drop_seed: 17869]
[top_rate: 0.2]
[other_rate: 0.1]
[min_data_per_group: 100]
[max_cat_threshold: 32]
[cat_l2: 10]
[cat_smooth: 10]
[max_cat_to_onehot: 4]
[top_k: 20]
[monotone_constraints: ]
[monotone_constraints_method: basic]
[monotone_penalty: 0]
[feature_contri: ]
[forcedsplits_filename: ]
[refit_decay_rate: 0.9]
[cegb_tradeoff: 1]
[cegb_penalty_split: 0]
[cegb_penalty_feature_lazy: ]
[cegb_penalty_feature_coupled: ]
[path_smooth: 0]
[interaction_constraints: ]
[verbosity: -1]
[saved_feature_importance_type: 0]
[use_quantized_grad: 0]
[num_grad_quant_bins: 4]
[quant_train_renew_leaf: 0]
[stochastic_rounding: 1]
[linear_tree: 0]
[max_bin: 255]
[max_bin_by_feature: ]
[min_data_in_bin: 3]
[bin_construct_sample_cnt: 200000]
[data_random_seed: 175]
[is_enable_sparse: 1]
[enable_bundle: 1]
[use_missing: 1]
[zero_as_missing: 0]
[feature_pre_filter: 1]
[pre_partition: 0]
[two_round: 0]
[header: 0]
[label_column: ]
[weight_column: ]
[group_column: ]
[ignore_column: ]
[categorical_feature: ]
[forcedbins_filename: ]
[precise_float_parser: 0]
[parser_config_file: ]
[objective_seed: 16083]
[num_class: 1]
[is_unbalance: 0]
[scale_pos_weight: 1]
[sigmoid: 1]
[boost_from_average: 1]
[reg_sqrt: 0]
[alpha: 0.9]
[fair_c: 1]
[poisson_max_delta_step: 0.7]
[tweedie_variance_power: 1.5]
[lambdarank_truncation_level: 30]
[lambdarank_norm: 1]
[label_gain: ]
[lambdarank_position_bias_regularization: 0]
[eval_at: ]
[multi_error_top_k: 1]
[auc_mu_weights: ]
[num_machines: 1]
[local_listen_port: 12400]
[time_out: 120]
[machine_list_filename: ]
[machines: ]
[gpu_platform_id: -1]
[gpu_device_id: -1]
[gpu_use_dp: 0]
[num_gpu: 1]

end of parameters

pandas_categorical:[]
